-4.394551967653871998e+02
-4.394551967653871998e+02
-4.370178166050479831e+02
-4.370178166050479831e+02
-4.392364642652007092e+02
-4.397940829621479679e+02
-4.388252065399317416e+02
-4.388252065399317416e+02
-4.388252065399317416e+02
-4.393220802187868799e+02
-4.392306749487597131e+02
-4.378264842133912111e+02
-4.378264842133912111e+02
-4.378264842133912111e+02
-4.373352879337664945e+02
-4.373352879337664945e+02
-4.390290747275447529e+02
-4.408269542012267834e+02
-4.408269542012267834e+02
-4.408269542012267834e+02
-4.404916348440639808e+02
-4.412516041437907006e+02
-4.412516041437907006e+02
-4.412516041437907006e+02
-4.412516041437907006e+02
-4.403354522235088098e+02
-4.400750835357029587e+02
-4.399541229688825297e+02
-4.404963464880255515e+02
-4.389884270677461018e+02
-4.383003364390547176e+02
-4.383003364390547176e+02
-4.383003364390547176e+02
-4.404037629355644299e+02
-4.404037629355644299e+02
-4.404037629355644299e+02
-4.405839619456162950e+02
-4.405839619456162950e+02
-4.405839619456162950e+02
-4.410161983111537438e+02
-4.410161983111537438e+02
-4.409745948629964687e+02
-4.410533465370983208e+02
-4.404568661332168062e+02
-4.404568661332168062e+02
-4.404568661332168062e+02
-4.404568661332168062e+02
-4.404568661332168062e+02
-4.404568661332168062e+02
-4.404568661332168062e+02
-4.404568661332168062e+02
-4.404568661332168062e+02
-4.404568661332168062e+02
-4.362197240050190885e+02
-4.362197240050190885e+02
-4.362197240050190885e+02
-4.400033763023966458e+02
-4.400033763023966458e+02
-4.400033763023966458e+02
-4.380083805274816768e+02
-4.380083805274816768e+02
-4.380083805274816768e+02
-4.395294624448807781e+02
-4.395294624448807781e+02
-4.406606633771535257e+02
-4.410155545532060160e+02
-4.410155545532060160e+02
-4.410155545532060160e+02
-4.410155545532060160e+02
-4.410155545532060160e+02
-4.410155545532060160e+02
-4.410155545532060160e+02
-4.410155545532060160e+02
-4.410155545532060160e+02
-4.410155545532060160e+02
-4.410155545532060160e+02
-4.406806312581770726e+02
-4.402581475694928486e+02
-4.402581475694928486e+02
-4.402581475694928486e+02
-4.402581475694928486e+02
-4.384015688104519199e+02
-4.378593514070951755e+02
-4.378593514070951755e+02
-4.378593514070951755e+02
-4.401993815021464798e+02
-4.388381420876428365e+02
-4.349297202882850115e+02
-4.349297202882850115e+02
-4.349297202882850115e+02
-4.349297202882850115e+02
-4.349297202882850115e+02
-4.349297202882850115e+02
-4.349297202882850115e+02
-4.349297202882850115e+02
-4.349297202882850115e+02
-4.345991690343020650e+02
-4.326803031335497849e+02
-4.326803031335497849e+02
-4.402412412153173591e+02
-4.402412412153173591e+02
-4.412988756943833550e+02
-4.412988756943833550e+02
-4.412988756943833550e+02
-4.412988756943833550e+02
-4.390848543638211368e+02
-4.390848543638211368e+02
-4.390848543638211368e+02
-4.390848543638211368e+02
-4.390848543638211368e+02
-4.390848543638211368e+02
-4.395037972022165036e+02
-4.395037972022165036e+02
-4.395037972022165036e+02
-4.395037972022165036e+02
-4.408950484286627329e+02
-4.408950484286627329e+02
-4.411455559637103079e+02
-4.411011490155264596e+02
-4.411011490155264596e+02
-4.411011490155264596e+02
-4.411397193141243065e+02
-4.403535322700074062e+02
-4.401153212653721312e+02
-4.401153212653721312e+02
-4.401153212653721312e+02
-4.401153212653721312e+02
-4.401153212653721312e+02
-4.411547481028209745e+02
-4.408335745829616599e+02
-4.408335745829616599e+02
-4.408335745829616599e+02
-4.408335745829616599e+02
-4.384228999534246327e+02
-4.384228999534246327e+02
-4.384228999534246327e+02
-4.384228999534246327e+02
-4.384228999534246327e+02
-4.384228999534246327e+02
-4.384228999534246327e+02
-4.384228999534246327e+02
-4.384228999534246327e+02
-4.386682447282290127e+02
-4.386682447282290127e+02
-4.386682447282290127e+02
-4.386682447282290127e+02
-4.391121679889536153e+02
-4.391121679889536153e+02
-4.391121679889536153e+02
-4.340933063898756927e+02
-4.340933063898756927e+02
-4.370970592967868811e+02
-4.370970592967868811e+02
-4.340900640866476010e+02
-4.346058454622117324e+02
-4.356835046076245703e+02
-4.401749708231155864e+02
-4.401749708231155864e+02
-4.411109227971567748e+02
-4.411109227971567748e+02
-4.411109227971567748e+02
-4.411109227971567748e+02
-4.411109227971567748e+02
-4.411109227971567748e+02
-4.411109227971567748e+02
-4.411990201936959579e+02
-4.413485722315819544e+02
-4.411524646778761394e+02
-4.391696188882037859e+02
-4.391696188882037859e+02
-4.400554568119948726e+02
-4.401697160922583976e+02
-4.393909563060586265e+02
-4.393909563060586265e+02
-4.386380925759508500e+02
-4.386380925759508500e+02
-4.386380925759508500e+02
-4.401576757578380352e+02
-4.401576757578380352e+02
-4.329823822013013910e+02
-4.402283927590243593e+02
-4.402283927590243593e+02
-4.406252107353623728e+02
-4.406252107353623728e+02
-4.406252107353623728e+02
-4.406252107353623728e+02
-4.406252107353623728e+02
-4.405702948472446110e+02
-4.405702948472446110e+02
-4.405702948472446110e+02
-4.405702948472446110e+02
-4.405702948472446110e+02
-4.405702948472446110e+02
-4.405702948472446110e+02
-4.405702948472446110e+02
-4.405702948472446110e+02
-4.405702948472446110e+02
-4.397530619860870047e+02
-4.397530619860870047e+02
-4.397530619860870047e+02
-3.875280946497455261e+02
-3.875280946497455261e+02
-3.850907144894063094e+02
-3.850907144894063094e+02
-3.873093621495590355e+02
-3.878669808465062943e+02
-3.868981044242900680e+02
-3.868981044242900680e+02
-3.868981044242900680e+02
-3.873949781031452062e+02
-3.873035728331180394e+02
-3.858993820977495375e+02
-3.858993820977495375e+02
-3.858993820977495375e+02
-3.854081858181248208e+02
-3.854081858181248208e+02
-3.871019726119030793e+02
-3.888998520855851098e+02
-3.888998520855851098e+02
-3.888998520855851098e+02
-3.885645327284223072e+02
-3.893245020281490270e+02
-3.893245020281490270e+02
-3.893245020281490270e+02
-3.893245020281490270e+02
-3.884083501078671361e+02
-3.881479814200612850e+02
-3.880270208532408560e+02
-3.885692443723838778e+02
-3.885692443723838778e+02
-3.883126307832869202e+02
-3.870703118180938418e+02
-3.870703118180938418e+02
-3.889329398307278325e+02
-3.878566736128735783e+02
-3.878566736128735783e+02
-3.878566736128735783e+02
-3.893172491774132027e+02
-3.893172491774132027e+02
-3.893172491774132027e+02
-3.895952167255931045e+02
-3.894079312563113149e+02
-3.885926381088369794e+02
-3.885926381088369794e+02
-3.885926381088369794e+02
-3.885926381088369794e+02
-3.885926381088369794e+02
-3.885926381088369794e+02
-3.885926381088369794e+02
-3.885926381088369794e+02
-3.885926381088369794e+02
-3.885926381088369794e+02
-3.885926381088369794e+02
-3.866784780794939707e+02
-3.866784780794939707e+02
-3.866784780794939707e+02
-3.888669717003661503e+02
-3.888669717003661503e+02
-3.888669717003661503e+02
-3.886590195028372818e+02
-3.886590195028372818e+02
-3.886590195028372818e+02
-3.886590195028372818e+02
-3.886590195028372818e+02
-3.883906097215391355e+02
-3.883906097215391355e+02
-3.883906097215391355e+02
-3.883906097215391355e+02
-3.883906097215391355e+02
-3.883906097215391355e+02
-3.883906097215391355e+02
-3.883906097215391355e+02
-3.883906097215391355e+02
-3.883906097215391355e+02
-3.883906097215391355e+02
-3.883906097215391355e+02
-3.887793861796949955e+02
-3.879205594179348964e+02
-3.879205594179348964e+02
-3.869304317700608635e+02
-3.869304317700608635e+02
-3.869304317700608635e+02
-3.868648147517426423e+02
-3.868648147517426423e+02
-3.868648147517426423e+02
-3.883659470569294854e+02
-3.864733100966155916e+02
-3.864733100966155916e+02
-3.864733100966155916e+02
-3.864733100966155916e+02
-3.864733100966155916e+02
-3.864733100966155916e+02
-3.864733100966155916e+02
-3.864733100966155916e+02
-3.864733100966155916e+02
-3.864733100966155916e+02
-3.849362789874354576e+02
-3.873499400039980856e+02
-3.873499400039980856e+02
-3.878670489347326793e+02
-3.878670489347326793e+02
-3.852064740119445787e+02
-3.852064740119445787e+02
-3.852064740119445787e+02
-3.852064740119445787e+02
-3.867976370354757591e+02
-3.867976370354757591e+02
-3.867976370354757591e+02
-3.867976370354757591e+02
-3.867976370354757591e+02
-3.867976370354757591e+02
-3.867976370354757591e+02
-3.867976370354757591e+02
-3.867976370354757591e+02
-3.867976370354757591e+02
-3.878605909240419578e+02
-3.878605909240419578e+02
-3.886649805770942407e+02
-3.885208554409683757e+02
-3.885208554409683757e+02
-3.885208554409683757e+02
-3.888560884618161708e+02
-3.888560884618161708e+02
-3.883689876556106810e+02
-3.883689876556106810e+02
-3.883689876556106810e+02
-3.883689876556106810e+02
-3.883689876556106810e+02
-3.885468022756931532e+02
-3.889168539223123275e+02
-3.889168539223123275e+02
-3.889168539223123275e+02
-3.889168539223123275e+02
-3.889168539223123275e+02
-3.889168539223123275e+02
-3.889168539223123275e+02
-3.889168539223123275e+02
-3.887667192188561103e+02
-3.887667192188561103e+02
-3.887667192188561103e+02
-3.887667192188561103e+02
-3.887667192188561103e+02
-3.891238568482949063e+02
-3.891238568482949063e+02
-3.891238568482949063e+02
-3.891238568482949063e+02
-3.891238568482949063e+02
-3.891238568482949063e+02
-3.891238568482949063e+02
-3.881343508791823069e+02
-3.881343508791823069e+02
-3.881343508791823069e+02
-3.881343508791823069e+02
-3.881343508791823069e+02
-3.880298874838505299e+02
-3.880298874838505299e+02
-3.874269697596995456e+02
-3.882011950321518725e+02
-3.882011950321518725e+02
-3.882011950321518725e+02
-3.870120114395173800e+02
-3.870120114395173800e+02
-3.884674451493332299e+02
-3.884674451493332299e+02
-3.884674451493332299e+02
-3.886065119383087563e+02
-3.886065119383087563e+02
-3.873860750659343353e+02
-3.894962271695932259e+02
-3.894962271695932259e+02
-3.883896086019327640e+02
-3.891774235720504862e+02
-3.894042203833992630e+02
-3.894042203833992630e+02
-3.892097449104302882e+02
-3.892097449104302882e+02
-3.892097449104302882e+02
-3.892097449104302882e+02
-3.892097449104302882e+02
-3.869316134465015580e+02
-3.892126087511044261e+02
-3.892072734670196610e+02
-3.891372183140791208e+02
-3.891372183140791208e+02
-3.871643494711227618e+02
-3.871643494711227618e+02
-3.871643494711227618e+02
-3.893536447847623663e+02
-3.893536447847623663e+02
-3.893536447847623663e+02
-3.893536447847623663e+02
-3.893536447847623663e+02
-3.893536447847623663e+02
-3.893536447847623663e+02
-3.893536447847623663e+02
-3.893536447847623663e+02
-3.893536447847623663e+02
-3.885879938381417560e+02
-3.885879938381417560e+02
-3.885879938381417560e+02
-3.992727983357261792e+02
-3.992727983357261792e+02
-3.968354181753869625e+02
-3.968354181753869625e+02
-3.990540658355396886e+02
-3.996116845324869473e+02
-3.986428081102707210e+02
-3.986428081102707210e+02
-3.986428081102707210e+02
-3.991396817891258593e+02
-3.990482765190986925e+02
-3.976440857837301905e+02
-3.976440857837301905e+02
-3.976440857837301905e+02
-3.971528895041054739e+02
-3.971528895041054739e+02
-3.988466762978837323e+02
-4.006445557715657628e+02
-4.006445557715657628e+02
-4.006445557715657628e+02
-4.003092364144029602e+02
-4.010692057141296800e+02
-4.010692057141296800e+02
-4.010692057141296800e+02
-4.010692057141296800e+02
-4.001530537938477892e+02
-3.998926851060419381e+02
-3.997717245392215091e+02
-4.003139480583645309e+02
-4.003139480583645309e+02
-4.000573344692675732e+02
-3.988150155040744949e+02
-3.988150155040744949e+02
-4.006776435167084855e+02
-3.996013772988542314e+02
-3.996013772988542314e+02
-3.996013772988542314e+02
-4.010619528633938558e+02
-4.010619528633938558e+02
-4.010619528633938558e+02
-4.013399204115737575e+02
-4.011526349422919679e+02
-4.003373417948176325e+02
-4.003373417948176325e+02
-4.003373417948176325e+02
-4.003373417948176325e+02
-4.003373417948176325e+02
-4.003373417948176325e+02
-4.003373417948176325e+02
-4.003373417948176325e+02
-4.003373417948176325e+02
-4.003373417948176325e+02
-4.003373417948176325e+02
-3.984231817654746237e+02
-3.984231817654746237e+02
-3.984231817654746237e+02
-4.006116753863468034e+02
-4.006116753863468034e+02
-4.006116753863468034e+02
-4.004037231888179349e+02
-4.004037231888179349e+02
-4.004037231888179349e+02
-4.004037231888179349e+02
-4.004037231888179349e+02
-4.001353134075197886e+02
-4.001353134075197886e+02
-4.001353134075197886e+02
-4.001353134075197886e+02
-4.001353134075197886e+02
-4.001353134075197886e+02
-4.001353134075197886e+02
-4.001353134075197886e+02
-4.001353134075197886e+02
-4.001353134075197886e+02
-4.001353134075197886e+02
-4.001353134075197886e+02
-4.005240898656756485e+02
-3.996652631039155494e+02
-3.996652631039155494e+02
-3.986751354560415166e+02
-3.986751354560415166e+02
-3.986751354560415166e+02
-3.986095184377232954e+02
-3.986095184377232954e+02
-3.986095184377232954e+02
-4.001106507429101384e+02
-3.982180137825962447e+02
-3.982180137825962447e+02
-3.982180137825962447e+02
-3.982180137825962447e+02
-3.982180137825962447e+02
-3.982180137825962447e+02
-3.982180137825962447e+02
-3.982180137825962447e+02
-3.982180137825962447e+02
-3.982180137825962447e+02
-3.966809826734161106e+02
-3.990946436899787386e+02
-3.990946436899787386e+02
-3.996117526207133324e+02
-3.996117526207133324e+02
-3.969511776979252318e+02
-3.969511776979252318e+02
-3.969511776979252318e+02
-3.969511776979252318e+02
-3.985423407214564122e+02
-3.985423407214564122e+02
-3.985423407214564122e+02
-3.985423407214564122e+02
-3.985423407214564122e+02
-3.985423407214564122e+02
-3.985423407214564122e+02
-3.985423407214564122e+02
-3.985423407214564122e+02
-3.985423407214564122e+02
-3.996052946100226109e+02
-3.996052946100226109e+02
-4.004096842630748938e+02
-4.002655591269490287e+02
-4.002655591269490287e+02
-4.002655591269490287e+02
-4.006007921477968239e+02
-4.006007921477968239e+02
-4.001136913415913341e+02
-4.001136913415913341e+02
-4.001136913415913341e+02
-4.001136913415913341e+02
-4.001136913415913341e+02
-4.002915059616738063e+02
-4.006615576082929806e+02
-4.006615576082929806e+02
-4.006615576082929806e+02
-4.006615576082929806e+02
-4.006615576082929806e+02
-4.006615576082929806e+02
-4.006615576082929806e+02
-4.006615576082929806e+02
-4.005114229048367633e+02
-4.005114229048367633e+02
-4.005114229048367633e+02
-4.005114229048367633e+02
-4.005114229048367633e+02
-4.008685605342755593e+02
-4.008685605342755593e+02
-4.008685605342755593e+02
-4.008685605342755593e+02
-4.008685605342755593e+02
-4.008685605342755593e+02
-4.008685605342755593e+02
-3.998790545651629600e+02
-3.998790545651629600e+02
-3.998790545651629600e+02
-3.998790545651629600e+02
-3.998790545651629600e+02
-3.997745911698311829e+02
-3.997745911698311829e+02
-3.991716734456801987e+02
-3.999458987181325256e+02
-3.999458987181325256e+02
-3.999458987181325256e+02
-3.987567151254980331e+02
-3.987567151254980331e+02
-4.002121488353138830e+02
-4.002121488353138830e+02
-4.002121488353138830e+02
-4.003512156242894093e+02
-4.003512156242894093e+02
-3.991307787519149883e+02
-4.012409308555738789e+02
-4.012409308555738789e+02
-4.001343122879134171e+02
-4.009221272580311393e+02
-4.011489240693799161e+02
-4.011489240693799161e+02
-4.009544485964109413e+02
-4.009544485964109413e+02
-4.009544485964109413e+02
-4.009544485964109413e+02
-4.009544485964109413e+02
-3.986763171324822110e+02
-4.009573124370850792e+02
-4.009519771530003140e+02
-4.008819220000597738e+02
-4.008819220000597738e+02
-3.989090531571034148e+02
-3.989090531571034148e+02
-3.989090531571034148e+02
-4.010983484707430193e+02
-4.010983484707430193e+02
-4.010983484707430193e+02
-4.010983484707430193e+02
-4.010983484707430193e+02
-4.010983484707430193e+02
-4.010983484707430193e+02
-4.010983484707430193e+02
-4.010983484707430193e+02
-4.010983484707430193e+02
-4.003326975241224090e+02
-4.003326975241224090e+02
-4.003326975241224090e+02
-4.227859087895179755e+02
-4.227859087895179755e+02
-4.203485286291787588e+02
-4.203485286291787588e+02
-4.225671762893314849e+02
-4.231247949862787436e+02
-4.221559185640625174e+02
-4.221559185640625174e+02
-4.221559185640625174e+02
-4.226527922429176556e+02
-4.225613869728904888e+02
-4.211571962375219869e+02
-4.211571962375219869e+02
-4.211571962375219869e+02
-4.206659999578972702e+02
-4.206659999578972702e+02
-4.223597867516755286e+02
-4.241576662253575591e+02
-4.241576662253575591e+02
-4.241576662253575591e+02
-4.238223468681947566e+02
-4.245823161679214763e+02
-4.245823161679214763e+02
-4.245823161679214763e+02
-4.245823161679214763e+02
-4.245823161679214763e+02
-4.243370005944297532e+02
-4.245242934430719970e+02
-4.245908689667071485e+02
-4.245908689667071485e+02
-4.245908689667071485e+02
-4.245908689667071485e+02
-4.245908689667071485e+02
-4.245908689667071485e+02
-4.245908689667071485e+02
-4.245908689667071485e+02
-4.245908689667071485e+02
-4.245908689667071485e+02
-4.245908689667071485e+02
-4.246221420312130590e+02
-4.247793117537652847e+02
-4.247568198395166519e+02
-4.238983145858485955e+02
-4.238983145858485955e+02
-4.238983145858485955e+02
-4.238983145858485955e+02
-4.238983145858485955e+02
-4.238983145858485955e+02
-4.238983145858485955e+02
-4.238983145858485955e+02
-4.238983145858485955e+02
-4.238983145858485955e+02
-4.238983145858485955e+02
-4.214605972399484131e+02
-4.214605972399484131e+02
-4.214605972399484131e+02
-4.238804421843672685e+02
-4.238804421843672685e+02
-4.238804421843672685e+02
-4.233098346186537810e+02
-4.233098346186537810e+02
-4.233098346186537810e+02
-4.233098346186537810e+02
-4.233098346186537810e+02
-4.233098346186537810e+02
-4.233098346186537810e+02
-4.242868100883718512e+02
-4.242868100883718512e+02
-4.242868100883718512e+02
-4.242868100883718512e+02
-4.242868100883718512e+02
-4.242868100883718512e+02
-4.242868100883718512e+02
-4.242868100883718512e+02
-4.242868100883718512e+02
-4.242868100883718512e+02
-4.223947690231539127e+02
-4.236973428859402588e+02
-4.236973428859402588e+02
-4.236973428859402588e+02
-4.236973428859402588e+02
-4.236973428859402588e+02
-4.238077111711501175e+02
-4.238077111711501175e+02
-4.238077111711501175e+02
-4.243342432540920299e+02
-4.239229943904027778e+02
-4.239229943904027778e+02
-4.239229943904027778e+02
-4.239229943904027778e+02
-4.239229943904027778e+02
-4.239229943904027778e+02
-4.239229943904027778e+02
-4.239229943904027778e+02
-4.239229943904027778e+02
-4.239229943904027778e+02
-4.217388623826085450e+02
-4.231549469640132202e+02
-4.231549469640132202e+02
-4.225326994027940941e+02
-4.225326994027940941e+02
-4.221945060406251855e+02
-4.221945060406251855e+02
-4.221945060406251855e+02
-4.221945060406251855e+02
-4.195329627477190115e+02
-4.195329627477190115e+02
-4.195329627477190115e+02
-4.195329627477190115e+02
-4.195329627477190115e+02
-4.195329627477190115e+02
-4.195329627477190115e+02
-4.195329627477190115e+02
-4.195329627477190115e+02
-4.195329627477190115e+02
-4.203842989346296122e+02
-4.203842989346296122e+02
-4.218607554233104224e+02
-4.230344180247250847e+02
-4.230344180247250847e+02
-4.230344180247250847e+02
-4.221469744690181756e+02
-4.221469744690181756e+02
-4.216098493331408577e+02
-4.216098493331408577e+02
-4.216098493331408577e+02
-4.216098493331408577e+02
-4.216098493331408577e+02
-4.234281658812105320e+02
-4.242402029436234443e+02
-4.242402029436234443e+02
-4.242402029436234443e+02
-4.242402029436234443e+02
-4.235109520339648270e+02
-4.235109520339648270e+02
-4.235109520339648270e+02
-4.235109520339648270e+02
-4.235109520339648270e+02
-4.235109520339648270e+02
-4.235109520339648270e+02
-4.235109520339648270e+02
-4.235109520339648270e+02
-4.235109520339648270e+02
-4.235109520339648270e+02
-4.235109520339648270e+02
-4.234961201114632559e+02
-4.239030065406261087e+02
-4.239030065406261087e+02
-4.239030065406261087e+02
-4.206485470117845580e+02
-4.206485470117845580e+02
-4.206485470117845580e+02
-4.206485470117845580e+02
-4.206485470117845580e+02
-4.185940813746723848e+02
-4.185940813746723848e+02
-4.210985259570741164e+02
-4.219873475982170135e+02
-4.219873475982170135e+02
-4.219873475982170135e+02
-4.219873475982170135e+02
-4.219873475982170135e+02
-4.232505434765715222e+02
-4.232505434765715222e+02
-4.232505434765715222e+02
-4.231406975520952756e+02
-4.208303261563356727e+02
-4.193247061584569906e+02
-4.223490220933123851e+02
-4.223490220933123851e+02
-4.220425025198514390e+02
-4.229060405218258438e+02
-4.223683963818971279e+02
-4.223683963818971279e+02
-4.223683963818971279e+02
-4.223683963818971279e+02
-4.223683963818971279e+02
-4.223683963818971279e+02
-4.223683963818971279e+02
-4.206272161120536452e+02
-4.233604198416668964e+02
-4.233604198416668964e+02
-4.233604198416668964e+02
-4.233604198416668964e+02
-4.233604198416668964e+02
-4.233604198416668964e+02
-4.233604198416668964e+02
-4.243926988944528489e+02
-4.243926988944528489e+02
-4.243926988944528489e+02
-4.243926988944528489e+02
-4.243926988944528489e+02
-4.243926988944528489e+02
-4.243926988944528489e+02
-4.243926988944528489e+02
-4.243926988944528489e+02
-4.243926988944528489e+02
-4.229715660317758079e+02
-4.229715660317758079e+02
-4.229715660317758079e+02
-4.354864907278757755e+02
-4.354864907278757755e+02
-4.330491105675365588e+02
-4.330491105675365588e+02
-4.352677582276892849e+02
-4.358253769246365437e+02
-4.348565005024203174e+02
-4.348565005024203174e+02
-4.348565005024203174e+02
-4.353533741812754556e+02
-4.352619689112482888e+02
-4.338577781758797869e+02
-4.338577781758797869e+02
-4.338577781758797869e+02
-4.333665818962550702e+02
-4.333665818962550702e+02
-4.350603686900333287e+02
-4.368582481637153592e+02
-4.368582481637153592e+02
-4.368582481637153592e+02
-4.365229288065525566e+02
-4.372828981062792764e+02
-4.372828981062792764e+02
-4.372828981062792764e+02
-4.372828981062792764e+02
-4.372828981062792764e+02
-4.370375825327875532e+02
-4.372248753814297970e+02
-4.372914509050649485e+02
-4.372914509050649485e+02
-4.372914509050649485e+02
-4.372914509050649485e+02
-4.372914509050649485e+02
-4.372914509050649485e+02
-4.372914509050649485e+02
-4.372914509050649485e+02
-4.372914509050649485e+02
-4.372914509050649485e+02
-4.372914509050649485e+02
-4.373227239695708590e+02
-4.374798936921230847e+02
-4.374574017778744519e+02
-4.365988965242063955e+02
-4.365988965242063955e+02
-4.365988965242063955e+02
-4.365988965242063955e+02
-4.365988965242063955e+02
-4.365988965242063955e+02
-4.365988965242063955e+02
-4.365988965242063955e+02
-4.365988965242063955e+02
-4.365988965242063955e+02
-4.365988965242063955e+02
-4.341611791783062131e+02
-4.341611791783062131e+02
-4.341611791783062131e+02
-4.365810241227250685e+02
-4.365810241227250685e+02
-4.365810241227250685e+02
-4.360104165570115811e+02
-4.360104165570115811e+02
-4.360104165570115811e+02
-4.360104165570115811e+02
-4.360104165570115811e+02
-4.360104165570115811e+02
-4.360104165570115811e+02
-4.369873920267296512e+02
-4.369873920267296512e+02
-4.369873920267296512e+02
-4.369873920267296512e+02
-4.369873920267296512e+02
-4.369873920267296512e+02
-4.369873920267296512e+02
-4.369873920267296512e+02
-4.369873920267296512e+02
-4.369873920267296512e+02
-4.350953509615117127e+02
-4.363979248242980589e+02
-4.363979248242980589e+02
-4.363979248242980589e+02
-4.363979248242980589e+02
-4.363979248242980589e+02
-4.365082931095079175e+02
-4.365082931095079175e+02
-4.365082931095079175e+02
-4.370348251924498300e+02
-4.366235763287605778e+02
-4.366235763287605778e+02
-4.366235763287605778e+02
-4.366235763287605778e+02
-4.366235763287605778e+02
-4.366235763287605778e+02
-4.366235763287605778e+02
-4.366235763287605778e+02
-4.366235763287605778e+02
-4.366235763287605778e+02
-4.344394443209663450e+02
-4.358555289023710202e+02
-4.358555289023710202e+02
-4.352332813411518941e+02
-4.352332813411518941e+02
-4.348950879789829855e+02
-4.348950879789829855e+02
-4.348950879789829855e+02
-4.348950879789829855e+02
-4.322335446860768116e+02
-4.322335446860768116e+02
-4.322335446860768116e+02
-4.322335446860768116e+02
-4.322335446860768116e+02
-4.322335446860768116e+02
-4.322335446860768116e+02
-4.322335446860768116e+02
-4.322335446860768116e+02
-4.322335446860768116e+02
-4.330848808729874122e+02
-4.330848808729874122e+02
-4.345613373616682225e+02
-4.357349999630828847e+02
-4.357349999630828847e+02
-4.357349999630828847e+02
-4.348475564073759756e+02
-4.348475564073759756e+02
-4.343104312714986577e+02
-4.343104312714986577e+02
-4.343104312714986577e+02
-4.343104312714986577e+02
-4.343104312714986577e+02
-4.361287478195683320e+02
-4.369407848819812443e+02
-4.369407848819812443e+02
-4.369407848819812443e+02
-4.369407848819812443e+02
-4.362115339723226271e+02
-4.362115339723226271e+02
-4.362115339723226271e+02
-4.362115339723226271e+02
-4.362115339723226271e+02
-4.362115339723226271e+02
-4.362115339723226271e+02
-4.362115339723226271e+02
-4.362115339723226271e+02
-4.362115339723226271e+02
-4.362115339723226271e+02
-4.362115339723226271e+02
-4.361967020498210559e+02
-4.366035884789839088e+02
-4.366035884789839088e+02
-4.366035884789839088e+02
-4.333491289501423580e+02
-4.333491289501423580e+02
-4.333491289501423580e+02
-4.333491289501423580e+02
-4.333491289501423580e+02
-4.312946633130301848e+02
-4.312946633130301848e+02
-4.337991078954319164e+02
-4.346879295365748135e+02
-4.346879295365748135e+02
-4.346879295365748135e+02
-4.346879295365748135e+02
-4.346879295365748135e+02
-4.359511254149293222e+02
-4.359511254149293222e+02
-4.359511254149293222e+02
-4.358412794904530756e+02
-4.335309080946934728e+02
-4.320252880968147906e+02
-4.350496040316701851e+02
-4.350496040316701851e+02
-4.347430844582092391e+02
-4.356066224601836439e+02
-4.350689783202549279e+02
-4.350689783202549279e+02
-4.350689783202549279e+02
-4.350689783202549279e+02
-4.350689783202549279e+02
-4.350689783202549279e+02
-4.350689783202549279e+02
-4.333277980504114453e+02
-4.360610017800246965e+02
-4.360610017800246965e+02
-4.360610017800246965e+02
-4.360610017800246965e+02
-4.360610017800246965e+02
-4.360610017800246965e+02
-4.360610017800246965e+02
-4.370932808328106489e+02
-4.370932808328106489e+02
-4.370932808328106489e+02
-4.370932808328106489e+02
-4.370932808328106489e+02
-4.370932808328106489e+02
-4.370932808328106489e+02
-4.370932808328106489e+02
-4.370932808328106489e+02
-4.370932808328106489e+02
-4.356721479701336079e+02
-4.356721479701336079e+02
-4.356721479701336079e+02
