[-0.09699824 -5.04091422 -0.04613578 -0.78652758]
[-0.09699824 -5.04091422 -0.04613578 -0.78652758]
[-0.41176669 -3.86731563 -2.0275473  -4.70170041]
[-0.41176669 -3.86731563 -2.0275473  -4.70170041]
[-3.42552642 -0.46932446 -0.8370512  -1.34813599]
[-0.3241494  -0.03099639 -3.69467182 -0.69696022]
[-3.63928954e-03 -1.40021264e+00 -5.05532083e+00 -5.15580950e-01]
[-3.63928954e-03 -1.40021264e+00 -5.05532083e+00 -5.15580950e-01]
[-3.63928954e-03 -1.40021264e+00 -5.05532083e+00 -5.15580950e-01]
[-2.60243881 -0.10377961 -0.768494   -1.81643531]
[-0.56557955 -1.1016974  -2.26909089 -2.38079138]
[-0.38404784 -0.17632059 -2.89537302 -5.86545642]
[-0.38404784 -0.17632059 -2.89537302 -5.86545642]
[-0.38404784 -0.17632059 -2.89537302 -5.86545642]
[-0.06717073 -0.1649471  -5.9961205  -3.87693646]
[-0.06717073 -0.1649471  -5.9961205  -3.87693646]
[-1.01262222e+00 -2.18461549e-03 -4.48934731e+00 -3.35229133e-01]
[-0.30626778 -0.14184985 -0.18419163 -1.77344538]
[-0.30626778 -0.14184985 -0.18419163 -1.77344538]
[-0.30626778 -0.14184985 -0.18419163 -1.77344538]
[-0.0397218  -0.0474482  -0.20831551 -3.25988914]
[-0.15614539 -0.03632289 -0.86531771 -0.78757495]
[-0.15614539 -0.03632289 -0.86531771 -0.78757495]
[-0.15614539 -0.03632289 -0.86531771 -0.78757495]
[-0.15614539 -0.03632289 -0.86531771 -0.78757495]
[-0.05028299 -0.05914069 -2.64839375 -1.02907746]
[-0.02945883 -0.20609374 -3.07781055 -0.84314227]
[-0.75481316 -0.33750969 -2.74950195 -0.10715457]
[-0.9915782  -0.23498167 -0.17023027 -0.04130754]
[-0.80923236 -0.57885229 -0.88958287 -3.43605656]
[-0.11971536 -0.05300868 -1.24038533 -6.69893207]
[-0.11971536 -0.05300868 -1.24038533 -6.69893207]
[-0.11971536 -0.05300868 -1.24038533 -6.69893207]
[-1.16762782 -0.08256721 -0.0418381  -2.54195476]
[-1.16762782 -0.08256721 -0.0418381  -2.54195476]
[-1.16762782 -0.08256721 -0.0418381  -2.54195476]
[-0.0075151  -0.43757859 -0.45762566 -2.59688287]
[-0.0075151  -0.43757859 -0.45762566 -2.59688287]
[-0.0075151  -0.43757859 -0.45762566 -2.59688287]
[-0.01077931 -0.04462384 -0.00208659 -1.208296  ]
[-0.01077931 -0.04462384 -0.00208659 -1.208296  ]
[-0.38233956 -0.0906106  -0.41992234 -1.69863943]
[-1.27824646 -0.15419556 -0.72608734 -0.35057366]
[-0.19088358 -0.35613546 -1.0884825  -2.02100443]
[-0.19088358 -0.35613546 -1.0884825  -2.02100443]
[-0.19088358 -0.35613546 -1.0884825  -2.02100443]
[-0.19088358 -0.35613546 -1.0884825  -2.02100443]
[-0.19088358 -0.35613546 -1.0884825  -2.02100443]
[-0.19088358 -0.35613546 -1.0884825  -2.02100443]
[-0.19088358 -0.35613546 -1.0884825  -2.02100443]
[-0.19088358 -0.35613546 -1.0884825  -2.02100443]
[-0.19088358 -0.35613546 -1.0884825  -2.02100443]
[-0.19088358 -0.35613546 -1.0884825  -2.02100443]
[-0.75028692 -0.30304985 -9.76326392 -1.57124851]
[-0.75028692 -0.30304985 -9.76326392 -1.57124851]
[-0.75028692 -0.30304985 -9.76326392 -1.57124851]
[-0.48729503 -0.51206806 -2.60554781 -0.83859121]
[-0.48729503 -0.51206806 -2.60554781 -0.83859121]
[-0.48729503 -0.51206806 -2.60554781 -0.83859121]
[-0.65997111 -1.10952004 -4.71299123 -2.51794473]
[-0.65997111 -1.10952004 -4.71299123 -2.51794473]
[-0.65997111 -1.10952004 -4.71299123 -2.51794473]
[-0.01997389 -2.20130153 -1.77019165 -1.15912864]
[-0.01997389 -2.20130153 -1.77019165 -1.15912864]
[-0.96390374 -0.94770895 -0.14462257 -0.68187908]
[-2.22594743e+00 -5.43388421e-04 -1.67505928e-02 -1.68122553e-02]
[-2.22594743e+00 -5.43388421e-04 -1.67505928e-02 -1.68122553e-02]
[-2.22594743e+00 -5.43388421e-04 -1.67505928e-02 -1.68122553e-02]
[-2.22594743e+00 -5.43388421e-04 -1.67505928e-02 -1.68122553e-02]
[-2.22594743e+00 -5.43388421e-04 -1.67505928e-02 -1.68122553e-02]
[-2.22594743e+00 -5.43388421e-04 -1.67505928e-02 -1.68122553e-02]
[-2.22594743e+00 -5.43388421e-04 -1.67505928e-02 -1.68122553e-02]
[-2.22594743e+00 -5.43388421e-04 -1.67505928e-02 -1.68122553e-02]
[-2.22594743e+00 -5.43388421e-04 -1.67505928e-02 -1.68122553e-02]
[-2.22594743e+00 -5.43388421e-04 -1.67505928e-02 -1.68122553e-02]
[-2.22594743e+00 -5.43388421e-04 -1.67505928e-02 -1.68122553e-02]
[-0.53388478 -0.22215291 -0.97277938 -0.12959435]
[-1.38932073 -1.76412242 -0.57148415 -0.12030879]
[-1.38932073 -1.76412242 -0.57148415 -0.12030879]
[-1.38932073 -1.76412242 -0.57148415 -0.12030879]
[-1.38932073 -1.76412242 -0.57148415 -0.12030879]
[-6.91377613 -0.23795522 -0.39003793 -0.17729981]
[-3.20055636 -0.12700029 -1.93893257 -0.02486664]
[-3.20055636 -0.12700029 -1.93893257 -0.02486664]
[-3.20055636 -0.12700029 -1.93893257 -0.02486664]
[-2.32755191 -0.13255862 -0.25500183 -0.57901094]
[-2.35115195 -0.27393974 -1.22813635 -3.13217376]
[-4.17145620e-01 -6.37499283e-03 -4.48202894e+00 -1.01728561e+01]
[-4.17145620e-01 -6.37499283e-03 -4.48202894e+00 -1.01728561e+01]
[-4.17145620e-01 -6.37499283e-03 -4.48202894e+00 -1.01728561e+01]
[-4.17145620e-01 -6.37499283e-03 -4.48202894e+00 -1.01728561e+01]
[-4.17145620e-01 -6.37499283e-03 -4.48202894e+00 -1.01728561e+01]
[-4.17145620e-01 -6.37499283e-03 -4.48202894e+00 -1.01728561e+01]
[-4.17145620e-01 -6.37499283e-03 -4.48202894e+00 -1.01728561e+01]
[-4.17145620e-01 -6.37499283e-03 -4.48202894e+00 -1.01728561e+01]
[-4.17145620e-01 -6.37499283e-03 -4.48202894e+00 -1.01728561e+01]
[-3.91866701 -0.05265105 -7.36734016 -4.14220742]
[-2.7897705  -0.13523713 -2.4337071  -0.08309135]
[-2.7897705  -0.13523713 -2.4337071  -0.08309135]
[-0.2662668  -1.90230201 -1.23024863 -0.78351473]
[-0.2662668  -1.90230201 -1.23024863 -0.78351473]
[-0.00424346 -0.61204286 -0.76747308 -0.32263606]
[-0.00424346 -0.61204286 -0.76747308 -0.32263606]
[-0.00424346 -0.61204286 -0.76747308 -0.32263606]
[-0.00424346 -0.61204286 -0.76747308 -0.32263606]
[-0.01349685 -0.94295371 -4.90761096 -0.77045926]
[-0.01349685 -0.94295371 -4.90761096 -0.77045926]
[-0.01349685 -0.94295371 -4.90761096 -0.77045926]
[-0.01349685 -0.94295371 -4.90761096 -0.77045926]
[-0.01349685 -0.94295371 -4.90761096 -0.77045926]
[-0.01349685 -0.94295371 -4.90761096 -0.77045926]
[-0.36874426 -1.10202463 -1.36257111 -0.54981426]
[-0.36874426 -1.10202463 -1.36257111 -0.54981426]
[-0.36874426 -1.10202463 -1.36257111 -0.54981426]
[-0.36874426 -1.10202463 -1.36257111 -0.54981426]
[-0.00419398 -0.05567427 -1.12754251 -1.38517283]
[-0.00419398 -0.05567427 -1.12754251 -1.38517283]
[-0.00165431 -0.0397943  -0.5479904  -0.34133791]
[-0.15584005 -0.01491066 -0.02177732 -0.29041678]
[-0.15584005 -0.01491066 -0.02177732 -0.29041678]
[-0.15584005 -0.01491066 -0.02177732 -0.29041678]
[-0.03917491 -0.02803857 -0.03833526 -1.8729263 ]
[-0.05917763 -0.01421453 -1.05152634 -2.77387733]
[-0.03804138 -0.50469794 -1.74870666 -1.77785927]
[-0.03804138 -0.50469794 -1.74870666 -1.77785927]
[-0.03804138 -0.50469794 -1.74870666 -1.77785927]
[-0.03804138 -0.50469794 -1.74870666 -1.77785927]
[-0.03804138 -0.50469794 -1.74870666 -1.77785927]
[-0.1600436  -0.53151104 -0.6876241  -0.13871519]
[-1.08038251 -1.49378198 -0.01734172 -0.00849424]
[-1.08038251 -1.49378198 -0.01734172 -0.00849424]
[-1.08038251 -1.49378198 -0.01734172 -0.00849424]
[-1.08038251 -1.49378198 -0.01734172 -0.00849424]
[-0.27744229 -0.00556473 -5.2286019  -2.53617277]
[-0.27744229 -0.00556473 -5.2286019  -2.53617277]
[-0.27744229 -0.00556473 -5.2286019  -2.53617277]
[-0.27744229 -0.00556473 -5.2286019  -2.53617277]
[-0.27744229 -0.00556473 -5.2286019  -2.53617277]
[-0.27744229 -0.00556473 -5.2286019  -2.53617277]
[-0.27744229 -0.00556473 -5.2286019  -2.53617277]
[-0.27744229 -0.00556473 -5.2286019  -2.53617277]
[-0.27744229 -0.00556473 -5.2286019  -2.53617277]
[-0.31358134 -0.81619494 -4.78592531 -1.69954838]
[-0.31358134 -0.81619494 -4.78592531 -1.69954838]
[-0.31358134 -0.81619494 -4.78592531 -1.69954838]
[-0.31358134 -0.81619494 -4.78592531 -1.69954838]
[-0.74742893 -0.12453309 -1.02501505 -4.7639291 ]
[-0.74742893 -0.12453309 -1.02501505 -4.7639291 ]
[-0.74742893 -0.12453309 -1.02501505 -4.7639291 ]
[-2.08388911e-04 -1.13566394e-02 -5.09976370e+00 -1.17218782e+01]
[-2.08388911e-04 -1.13566394e-02 -5.09976370e+00 -1.17218782e+01]
[-1.58828312 -1.81615435 -0.67314343 -6.41220458]
[-1.58828312 -1.81615435 -0.67314343 -6.41220458]
[ -3.30675231  -0.20808009  -0.28014097 -13.03548873]
[-7.34376134 -3.26125532 -2.58411941 -2.65554564]
[-1.85014644 -8.31821049 -0.13940156 -2.60164678]
[-0.07950408 -0.8158533  -0.1520903  -0.16740718]
[-0.07950408 -0.8158533  -0.1520903  -0.16740718]
[-0.08915424 -0.09033746 -0.14330081 -1.86193302]
[-0.08915424 -0.09033746 -0.14330081 -1.86193302]
[-0.08915424 -0.09033746 -0.14330081 -1.86193302]
[-0.08915424 -0.09033746 -0.14330081 -1.86193302]
[-0.08915424 -0.09033746 -0.14330081 -1.86193302]
[-0.08915424 -0.09033746 -0.14330081 -1.86193302]
[-0.08915424 -0.09033746 -0.14330081 -1.86193302]
[-0.5305516  -0.44287972 -0.61919948 -0.21965954]
[-0.05648431 -1.15311827 -0.01187138 -0.49702979]
[-0.41732327 -0.03167876 -1.64515965 -0.08492193]
[-0.06242129 -0.99141176 -0.08192229 -0.41270482]
[-0.06242129 -0.99141176 -0.08192229 -0.41270482]
[-0.55737353 -3.72309125 -0.06373218 -0.05123076]
[-0.03506638 -3.59391729 -0.02677366 -0.19099903]
[-0.02355974 -2.18946492 -0.00221517 -0.88418862]
[-0.02355974 -2.18946492 -0.00221517 -0.88418862]
[-0.01433371 -1.13125589 -0.0664391  -2.08395708]
[-0.01433371 -1.13125589 -0.0664391  -2.08395708]
[-0.01433371 -1.13125589 -0.0664391  -2.08395708]
[-0.38813169 -0.46134962 -2.39162241 -0.040152  ]
[-0.38813169 -0.46134962 -2.39162241 -0.040152  ]
[-3.65471708 -0.31807893 -4.35791938 -0.26530082]
[-4.46918118e-01 -5.24820487e-04 -1.88268525e+00 -9.22444505e-02]
[-4.46918118e-01 -5.24820487e-04 -1.88268525e+00 -9.22444505e-02]
[-2.20279079e-03 -3.55122444e-02 -3.13099831e+00 -2.29011100e-03]
[-2.20279079e-03 -3.55122444e-02 -3.13099831e+00 -2.29011100e-03]
[-2.20279079e-03 -3.55122444e-02 -3.13099831e+00 -2.29011100e-03]
[-2.20279079e-03 -3.55122444e-02 -3.13099831e+00 -2.29011100e-03]
[-2.20279079e-03 -3.55122444e-02 -3.13099831e+00 -2.29011100e-03]
[-9.91634936e-03 -1.52419671e-01 -2.77610082e-02 -3.60414533e-05]
[-9.91634936e-03 -1.52419671e-01 -2.77610082e-02 -3.60414533e-05]
[-9.91634936e-03 -1.52419671e-01 -2.77610082e-02 -3.60414533e-05]
[-9.91634936e-03 -1.52419671e-01 -2.77610082e-02 -3.60414533e-05]
[-9.91634936e-03 -1.52419671e-01 -2.77610082e-02 -3.60414533e-05]
[-9.91634936e-03 -1.52419671e-01 -2.77610082e-02 -3.60414533e-05]
[-9.91634936e-03 -1.52419671e-01 -2.77610082e-02 -3.60414533e-05]
[-9.91634936e-03 -1.52419671e-01 -2.77610082e-02 -3.60414533e-05]
[-9.91634936e-03 -1.52419671e-01 -2.77610082e-02 -3.60414533e-05]
[-9.91634936e-03 -1.52419671e-01 -2.77610082e-02 -3.60414533e-05]
[-0.03671823 -0.0194289  -4.89167668 -0.09938084]
[-0.03671823 -0.0194289  -4.89167668 -0.09938084]
[-0.03671823 -0.0194289  -4.89167668 -0.09938084]
[-0.03671823 -0.0194289  -4.89167668 -0.09938084]
[-1.06434101e-03 -1.30376299e+00 -3.84990559e+00 -2.25405944e+00]
[-1.07135141 -0.79607175 -0.60219518 -3.00625919]
[-0.61695555 -0.08636354 -0.29540111 -0.66606978]
[-0.16051248 -0.2770769  -2.13520455 -0.00305641]
[-0.4008717  -0.15315076 -5.44125453 -0.09777747]
[-0.4008717  -0.15315076 -5.44125453 -0.09777747]
[-5.67732940e-02 -5.45976100e-04 -7.11517600e+00 -3.66029948e-01]
[ -0.01682396  -0.12826797 -12.85313353  -0.57198068]
[ -0.01682396  -0.12826797 -12.85313353  -0.57198068]
[ -0.01682396  -0.12826797 -12.85313353  -0.57198068]
[ -0.01682396  -0.12826797 -12.85313353  -0.57198068]
[ -0.01682396  -0.12826797 -12.85313353  -0.57198068]
[ -0.01682396  -0.12826797 -12.85313353  -0.57198068]
[ -0.01682396  -0.12826797 -12.85313353  -0.57198068]
[ -0.01682396  -0.12826797 -12.85313353  -0.57198068]
[ -0.01682396  -0.12826797 -12.85313353  -0.57198068]
[ -0.01682396  -0.12826797 -12.85313353  -0.57198068]
[ -0.01682396  -0.12826797 -12.85313353  -0.57198068]
[-0.08361605 -1.31847799 -7.70272081 -0.33151714]
[-1.16482198 -0.11458283 -6.73329223 -1.28458301]
[-7.26410720e-02 -2.49583332e-02 -9.93811766e+00 -3.11175736e-03]
[-0.00792123 -0.51208519 -3.85454856 -0.0370504 ]
[-4.18118068e-01 -2.24274527e-01 -4.89103458e+00 -2.47251002e-03]
[-0.2943682  -0.05076387 -3.87837571 -1.73916022]
[-0.2943682  -0.05076387 -3.87837571 -1.73916022]
[-0.2943682  -0.05076387 -3.87837571 -1.73916022]
[-0.2943682  -0.05076387 -3.87837571 -1.73916022]
[-0.54401809 -0.02836346 -5.18894696 -1.53158674]
[-0.46332794 -0.01964266 -4.82560821 -6.40378986]
[-0.46332794 -0.01964266 -4.82560821 -6.40378986]
[-0.58046309 -2.05392008 -1.26548527 -3.1990419 ]
[-0.28208511 -0.13058221 -0.14665331 -0.03235306]
[-0.28208511 -0.13058221 -0.14665331 -0.03235306]
[-0.28208511 -0.13058221 -0.14665331 -0.03235306]
[-0.28208511 -0.13058221 -0.14665331 -0.03235306]
[-0.28208511 -0.13058221 -0.14665331 -0.03235306]
[-0.28208511 -0.13058221 -0.14665331 -0.03235306]
[-0.28208511 -0.13058221 -0.14665331 -0.03235306]
[-0.02376423 -0.87031308 -0.0801768  -0.00416821]
[-0.5266414  -0.07118076 -0.27834737 -0.95384799]
[-0.00355122 -0.00050024 -0.26381244 -0.111009  ]
[-0.00355122 -0.00050024 -0.26381244 -0.111009  ]
[-1.21177219e+00 -3.85771850e-01 -8.20770029e-04 -2.12135566e+00]
[-1.21177219e+00 -3.85771850e-01 -8.20770029e-04 -2.12135566e+00]
[-0.3119551  -0.25220681 -0.69468761 -0.0596794 ]
[-0.3119551  -0.25220681 -0.69468761 -0.0596794 ]
[-0.3119551  -0.25220681 -0.69468761 -0.0596794 ]
[-0.3119551  -0.25220681 -0.69468761 -0.0596794 ]
[-0.3119551  -0.25220681 -0.69468761 -0.0596794 ]
[-3.46783931 -0.0450543  -1.59010359 -0.08279656]
[-2.47203789 -0.40931059 -1.70157242 -0.11089208]
[-2.47203789 -0.40931059 -1.70157242 -0.11089208]
[-2.61055697 -0.46927236 -1.1049213  -0.44223534]
[-2.75886293 -0.18640254 -0.00282386 -0.01432741]
[-1.9815955  -0.32066035 -0.35814312 -0.00210202]
[-1.67837010e-01 -4.39244918e-04 -5.83689178e-01 -3.65552446e-03]
[-1.67837010e-01 -4.39244918e-04 -5.83689178e-01 -3.65552446e-03]
[-0.33088276 -0.01619686 -2.30561236 -0.02682721]
[-0.21988162 -0.39333201 -2.00249409 -0.02542664]
[-0.21988162 -0.39333201 -2.00249409 -0.02542664]
[-0.13365323 -0.39878555 -0.34117471 -1.39213761]
[-0.13684005 -0.03979975 -0.19038374 -4.23555392]
[-0.13684005 -0.03979975 -0.19038374 -4.23555392]
[-0.42316653 -1.16134264 -1.14413657 -3.96539953]
[-2.33683147 -2.92741637 -1.00586487 -4.5467299 ]
[-4.67417126 -2.70357246 -1.30851475 -3.39650751]
[-4.39014854 -3.18704446 -0.73027052 -1.23618068]
[-4.39014854 -3.18704446 -0.73027052 -1.23618068]
[-3.26135971 -1.11113637 -3.02631154 -1.19219962]
[-1.15519184 -3.76040191 -2.95727188 -0.37734076]
[-1.15519184 -3.76040191 -2.95727188 -0.37734076]
[-1.11268917e+00 -2.13620828e+00 -1.31899393e+00 -1.83225902e-04]
[-0.33320899 -0.79277638 -0.30000817 -1.12529351]
[-3.65439846e-05 -8.38886170e-02 -2.54400092e+00 -1.76839048e+00]
[-3.65439846e-05 -8.38886170e-02 -2.54400092e+00 -1.76839048e+00]
[-3.65439846e-05 -8.38886170e-02 -2.54400092e+00 -1.76839048e+00]
[-3.65439846e-05 -8.38886170e-02 -2.54400092e+00 -1.76839048e+00]
[-3.65439846e-05 -8.38886170e-02 -2.54400092e+00 -1.76839048e+00]
[-3.65439846e-05 -8.38886170e-02 -2.54400092e+00 -1.76839048e+00]
[-0.02925969 -1.21763742 -4.6100078  -0.10775101]
[-0.02925969 -1.21763742 -4.6100078  -0.10775101]
[-0.02925969 -1.21763742 -4.6100078  -0.10775101]
[-0.02925969 -1.21763742 -4.6100078  -0.10775101]
[-0.02925969 -1.21763742 -4.6100078  -0.10775101]
[-0.00559164 -2.1695132  -0.33423178 -0.352691  ]
[-0.08683831 -0.00922336 -0.71191622 -1.51297265]
[-0.08683831 -0.00922336 -0.71191622 -1.51297265]
[-0.08683831 -0.00922336 -0.71191622 -1.51297265]
[-0.08683831 -0.00922336 -0.71191622 -1.51297265]
[-0.08683831 -0.00922336 -0.71191622 -1.51297265]
[-0.08683831 -0.00922336 -0.71191622 -1.51297265]
[-0.25376977 -0.22675349 -0.12443588 -0.40390101]
[-0.00468801 -0.00021934 -0.05843956 -0.1650025 ]
[-0.17852952 -0.3712558  -0.22190679 -0.00126677]
[-0.17852952 -0.3712558  -0.22190679 -0.00126677]
[-0.17852952 -0.3712558  -0.22190679 -0.00126677]
[-0.17852952 -0.3712558  -0.22190679 -0.00126677]
[-0.17852952 -0.3712558  -0.22190679 -0.00126677]
[-0.17852952 -0.3712558  -0.22190679 -0.00126677]
[-0.17852952 -0.3712558  -0.22190679 -0.00126677]
[-0.07108535 -0.20368631 -0.04991533 -0.03979517]
[-0.01179981 -0.04147892 -0.21021894 -1.73370622]
[-0.0193281  -0.19249521 -1.11871587 -0.02429424]
[-0.00922627 -1.16089267 -0.01063849 -0.05206311]
[-0.00922627 -1.16089267 -0.01063849 -0.05206311]
[-1.57977289 -1.32193567 -0.01819845 -0.46569622]
[-1.40323652 -1.92598687 -0.60169678 -0.89679375]
[-0.8959345  -0.22772603 -1.08214861 -3.44941747]
[-0.8959345  -0.22772603 -1.08214861 -3.44941747]
[-0.8959345  -0.22772603 -1.08214861 -3.44941747]
[-1.46678919 -0.18754296 -2.81244463 -0.41747968]
[-1.46678919 -0.18754296 -2.81244463 -0.41747968]
[-1.46678919 -0.18754296 -2.81244463 -0.41747968]
[-5.44875123e-10 -4.60295481e-02 -7.21439242e+00 -6.16894219e-02]
[-0.41942543 -0.63104379 -3.20933565 -0.58323959]
[-0.13053552 -0.01002353 -7.85981787 -1.63079333]
[ -0.28430568  -0.83166597 -11.00156434  -0.20012344]
[-0.22931798 -2.03142639 -2.53600479 -3.31418312]
[ -0.98445194  -0.08945818  -0.0481125  -12.78949719]
[ -0.98445194  -0.08945818  -0.0481125  -12.78949719]
[ -0.98445194  -0.08945818  -0.0481125  -12.78949719]
[ -0.58301675  -0.47981518  -0.61048767 -21.93847524]
[ -0.58301675  -0.47981518  -0.61048767 -21.93847524]
[ -0.58301675  -0.47981518  -0.61048767 -21.93847524]
[-3.50126702e+00 -1.27925550e-01 -3.66858458e-03 -1.43206213e+01]
[-3.50126702e+00 -1.27925550e-01 -3.66858458e-03 -1.43206213e+01]
[-3.50126702e+00 -1.27925550e-01 -3.66858458e-03 -1.43206213e+01]
[-0.94395673 -1.38955308 -0.05649983 -9.18476313]
[-0.94395673 -1.38955308 -0.05649983 -9.18476313]
[-0.63114489 -0.18077021 -0.07754427 -9.28296166]
[-0.63114489 -0.18077021 -0.07754427 -9.28296166]
[-0.63114489 -0.18077021 -0.07754427 -9.28296166]
[-0.63114489 -0.18077021 -0.07754427 -9.28296166]
[-0.63114489 -0.18077021 -0.07754427 -9.28296166]
[-0.63114489 -0.18077021 -0.07754427 -9.28296166]
[-0.63114489 -0.18077021 -0.07754427 -9.28296166]
[-0.63114489 -0.18077021 -0.07754427 -9.28296166]
[-0.63114489 -0.18077021 -0.07754427 -9.28296166]
[-0.63114489 -0.18077021 -0.07754427 -9.28296166]
[-0.63114489 -0.18077021 -0.07754427 -9.28296166]
[-0.63114489 -0.18077021 -0.07754427 -9.28296166]
[-0.30213975 -0.77392786 -0.39270826 -0.71598044]
[-0.30213975 -0.77392786 -0.39270826 -0.71598044]
[-0.30213975 -0.77392786 -0.39270826 -0.71598044]
[-2.72569083 -0.8874094  -0.89417383 -0.01099442]
[-2.72569083 -0.8874094  -0.89417383 -0.01099442]
[-2.72569083 -0.8874094  -0.89417383 -0.01099442]
[-5.72294918 -0.01230204 -1.20324535 -1.22413827]
[-1.79380472 -0.0687658  -4.40361388 -0.15085995]
[-1.79380472 -0.0687658  -4.40361388 -0.15085995]
[-0.11409291 -1.51925943 -0.09846201 -1.72428738]
[-0.11409291 -1.51925943 -0.09846201 -1.72428738]
[-0.11409291 -1.51925943 -0.09846201 -1.72428738]
[-0.11409291 -1.51925943 -0.09846201 -1.72428738]
[-0.11409291 -1.51925943 -0.09846201 -1.72428738]
[-0.11409291 -1.51925943 -0.09846201 -1.72428738]
[-1.40908262 -0.06823313 -0.05735547 -1.41895908]
[-0.09409513 -0.0349384  -0.13061759 -7.4782798 ]
[-0.09409513 -0.0349384  -0.13061759 -7.4782798 ]
[-0.18375783 -1.84016144 -0.0254323  -4.48174536]
[-0.18375783 -1.84016144 -0.0254323  -4.48174536]
[-0.00850376 -0.54596501 -0.00198947 -1.09629461]
[-0.27606118 -0.28602798 -1.24227955 -0.36490626]
[-0.27606118 -0.28602798 -1.24227955 -0.36490626]
[-0.27606118 -0.28602798 -1.24227955 -0.36490626]
[-0.27606118 -0.28602798 -1.24227955 -0.36490626]
[-0.27606118 -0.28602798 -1.24227955 -0.36490626]
[-0.27606118 -0.28602798 -1.24227955 -0.36490626]
[-0.66960121 -0.53901202 -0.23960258 -0.73896955]
[-2.03129206e-01 -7.56715108e-01 -5.47248815e-02 -6.74800703e-06]
[-2.03129206e-01 -7.56715108e-01 -5.47248815e-02 -6.74800703e-06]
[-2.03129206e-01 -7.56715108e-01 -5.47248815e-02 -6.74800703e-06]
[-2.03129206e-01 -7.56715108e-01 -5.47248815e-02 -6.74800703e-06]
[-0.82794709 -0.18577947 -1.84223377 -1.39523642]
[-0.22188214 -1.34606681 -6.43075174 -2.14768472]
[-0.22188214 -1.34606681 -6.43075174 -2.14768472]
[-0.500641   -2.08657461 -9.6766387  -3.93755394]
[-0.500641   -2.08657461 -9.6766387  -3.93755394]
[-0.500641   -2.08657461 -9.6766387  -3.93755394]
[-1.50402963 -0.46152458 -9.32435382 -8.41216241]
[-1.50402963 -0.46152458 -9.32435382 -8.41216241]
[-1.50402963 -0.46152458 -9.32435382 -8.41216241]
[-1.50402963 -0.46152458 -9.32435382 -8.41216241]
[-1.50402963 -0.46152458 -9.32435382 -8.41216241]
[-1.50402963 -0.46152458 -9.32435382 -8.41216241]
[-1.50402963 -0.46152458 -9.32435382 -8.41216241]
[-1.50402963 -0.46152458 -9.32435382 -8.41216241]
[-1.50402963 -0.46152458 -9.32435382 -8.41216241]
[-1.50402963 -0.46152458 -9.32435382 -8.41216241]
[-1.50402963 -0.46152458 -9.32435382 -8.41216241]
[-1.50402963 -0.46152458 -9.32435382 -8.41216241]
[ -0.10949694  -0.95620607 -10.24559524  -5.09887769]
[-0.39615079 -1.26596599 -6.54628449 -3.8915896 ]
[-0.39615079 -1.26596599 -6.54628449 -3.8915896 ]
[-0.39615079 -1.26596599 -6.54628449 -3.8915896 ]
[-0.39615079 -1.26596599 -6.54628449 -3.8915896 ]
[-0.39615079 -1.26596599 -6.54628449 -3.8915896 ]
[-0.39615079 -1.26596599 -6.54628449 -3.8915896 ]
[-7.92158950e-02 -1.53650678e-04 -1.27938048e+01 -5.31063968e+00]
[-7.92158950e-02 -1.53650678e-04 -1.27938048e+01 -5.31063968e+00]
[-0.54290207 -0.11845084 -5.48761774 -6.19400389]
[-1.14188495 -0.79229491 -6.38501917 -3.08299142]
[-0.02745192 -0.49817684 -3.21818088 -1.67057497]
[-0.02745192 -0.49817684 -3.21818088 -1.67057497]
[-0.02745192 -0.49817684 -3.21818088 -1.67057497]
[-0.39567105 -0.03222946 -5.63254911 -0.16849866]
[-0.01055409 -0.15987575 -0.44931025 -0.83847955]
[-0.01055409 -0.15987575 -0.44931025 -0.83847955]
[-0.01055409 -0.15987575 -0.44931025 -0.83847955]
[-0.36958194 -1.21448063 -0.00128112 -0.5413974 ]
[-0.36958194 -1.21448063 -0.00128112 -0.5413974 ]
[-1.72667852 -0.85035435 -0.5169946  -0.29385043]
[-1.28628087 -2.57723583 -0.27594637 -0.00946415]
[-3.30284751 -1.99278332 -0.01300914 -0.48145644]
[-2.63626012 -0.59644139 -0.50501543 -0.04043829]
[-0.96883234 -0.0308738  -0.04746581 -0.03835508]
[-0.15031598 -0.44687527 -0.04520653 -0.18147753]
[-0.15031598 -0.44687527 -0.04520653 -0.18147753]
[-0.15031598 -0.44687527 -0.04520653 -0.18147753]
[-0.15031598 -0.44687527 -0.04520653 -0.18147753]
[-0.15031598 -0.44687527 -0.04520653 -0.18147753]
[-0.15031598 -0.44687527 -0.04520653 -0.18147753]
[-0.15031598 -0.44687527 -0.04520653 -0.18147753]
[-0.15031598 -0.44687527 -0.04520653 -0.18147753]
[-0.15031598 -0.44687527 -0.04520653 -0.18147753]
[-0.15031598 -0.44687527 -0.04520653 -0.18147753]
[-0.15031598 -0.44687527 -0.04520653 -0.18147753]
[-0.15031598 -0.44687527 -0.04520653 -0.18147753]
[-0.33528907 -0.20227979 -0.18077732 -0.02226924]
[-0.29073777 -0.03535986 -0.02251543 -1.13360535]
[-0.29073777 -0.03535986 -0.02251543 -1.13360535]
[-0.29073777 -0.03535986 -0.02251543 -1.13360535]
[-0.29073777 -0.03535986 -0.02251543 -1.13360535]
[-0.29073777 -0.03535986 -0.02251543 -1.13360535]
[-0.29073777 -0.03535986 -0.02251543 -1.13360535]
[-0.83522501 -0.69895237 -1.39209419 -0.23370606]
[-0.83522501 -0.69895237 -1.39209419 -0.23370606]
[-0.83522501 -0.69895237 -1.39209419 -0.23370606]
[-0.40225294 -0.06513892 -1.84432429 -1.57130132]
[-0.40225294 -0.06513892 -1.84432429 -1.57130132]
[-2.07977530e-01 -2.65081596e-01 -1.03238605e-04 -3.95978096e-01]
[-2.07977530e-01 -2.65081596e-01 -1.03238605e-04 -3.95978096e-01]
[-2.07977530e-01 -2.65081596e-01 -1.03238605e-04 -3.95978096e-01]
[-0.02829196 -0.82738747 -0.92306414 -0.0204725 ]
[-5.13228711e-02 -1.68044389e-03 -3.00367832e+00 -1.55018411e+00]
[-0.52425726 -0.66152727 -0.11900173 -0.20562583]
[-0.52425726 -0.66152727 -0.11900173 -0.20562583]
[-0.52425726 -0.66152727 -0.11900173 -0.20562583]
[-0.52425726 -0.66152727 -0.11900173 -0.20562583]
[-1.33515117 -2.05215743 -1.7189681  -2.49374152]
[-1.33515117 -2.05215743 -1.7189681  -2.49374152]
[-0.25057343 -0.09414874 -0.49402817 -1.92228432]
[-0.25057343 -0.09414874 -0.49402817 -1.92228432]
[-0.01158847 -0.24953069 -0.31149803 -0.45535091]
[-0.09020626 -0.41509899 -0.02357688 -0.70869712]
[-0.09020626 -0.41509899 -0.02357688 -0.70869712]
[-0.09020626 -0.41509899 -0.02357688 -0.70869712]
[-1.02416689 -0.22775534 -1.34421413 -0.12727277]
[-1.02416689 -0.22775534 -1.34421413 -0.12727277]
[-1.02416689 -0.22775534 -1.34421413 -0.12727277]
[-1.02416689 -0.22775534 -1.34421413 -0.12727277]
[-1.02416689 -0.22775534 -1.34421413 -0.12727277]
[-1.02416689 -0.22775534 -1.34421413 -0.12727277]
[-1.02416689 -0.22775534 -1.34421413 -0.12727277]
[-1.02416689 -0.22775534 -1.34421413 -0.12727277]
[-1.02416689 -0.22775534 -1.34421413 -0.12727277]
[-0.77498392 -1.35849844 -0.14259664 -0.34284413]
[-0.77498392 -1.35849844 -0.14259664 -0.34284413]
[-0.77498392 -1.35849844 -0.14259664 -0.34284413]
[-0.77498392 -1.35849844 -0.14259664 -0.34284413]
[-0.77498392 -1.35849844 -0.14259664 -0.34284413]
[-0.77498392 -1.35849844 -0.14259664 -0.34284413]
[-0.77498392 -1.35849844 -0.14259664 -0.34284413]
[-0.77498392 -1.35849844 -0.14259664 -0.34284413]
[-0.77498392 -1.35849844 -0.14259664 -0.34284413]
[-0.77498392 -1.35849844 -0.14259664 -0.34284413]
[-0.29480026 -1.08760206 -0.11830284 -1.30320738]
[-0.29480026 -1.08760206 -0.11830284 -1.30320738]
[-0.03190381 -0.46816851 -0.52996406 -6.42821303]
[-0.03190381 -0.46816851 -0.52996406 -6.42821303]
[-0.03190381 -0.46816851 -0.52996406 -6.42821303]
[-1.47669796 -0.04958301 -2.17373347 -3.07431397]
[-0.5679712  -0.9390478  -0.47933294 -6.56311858]
[-2.250033   -0.0349783  -2.25247569 -8.66609738]
[-2.250033   -0.0349783  -2.25247569 -8.66609738]
[-2.250033   -0.0349783  -2.25247569 -8.66609738]
[-2.250033   -0.0349783  -2.25247569 -8.66609738]
[-2.250033   -0.0349783  -2.25247569 -8.66609738]
[ -2.40311131  -0.50313169  -2.12888526 -10.96641882]
[ -2.40311131  -0.50313169  -2.12888526 -10.96641882]
[ -2.40311131  -0.50313169  -2.12888526 -10.96641882]
[ -2.40311131  -0.50313169  -2.12888526 -10.96641882]
[-2.52810434 -1.07414248 -4.43849868 -7.46854113]
[-2.52810434 -1.07414248 -4.43849868 -7.46854113]
[-5.00732742 -0.20950143 -8.90995296 -3.1065476 ]
[-2.75231632 -1.78461069 -4.0587395  -5.63882143]
[-2.75231632 -1.78461069 -4.0587395  -5.63882143]
[-0.47429057 -3.79460033 -8.13054513 -0.47731815]
[-0.47429057 -3.79460033 -8.13054513 -0.47731815]
[-2.32705045 -0.06982028 -7.22469023 -2.77127413]
[-2.32705045 -0.06982028 -7.22469023 -2.77127413]
[-2.32705045 -0.06982028 -7.22469023 -2.77127413]
[-6.24649833 -0.59291825 -2.71491811 -3.09966886]
[-6.24649833 -0.59291825 -2.71491811 -3.09966886]
[-2.12903711 -0.74975695 -5.61576671 -7.47151722]
[-2.12903711 -0.74975695 -5.61576671 -7.47151722]
[-2.12903711 -0.74975695 -5.61576671 -7.47151722]
[-2.12903711 -0.74975695 -5.61576671 -7.47151722]
[-2.12903711 -0.74975695 -5.61576671 -7.47151722]
[-2.12903711 -0.74975695 -5.61576671 -7.47151722]
[-2.12903711 -0.74975695 -5.61576671 -7.47151722]
[-2.12903711 -0.74975695 -5.61576671 -7.47151722]
[-2.12903711 -0.74975695 -5.61576671 -7.47151722]
[-2.12903711 -0.74975695 -5.61576671 -7.47151722]
[-2.12903711 -0.74975695 -5.61576671 -7.47151722]
[-2.12903711 -0.74975695 -5.61576671 -7.47151722]
[-2.12903711 -0.74975695 -5.61576671 -7.47151722]
[-2.12903711 -0.74975695 -5.61576671 -7.47151722]
[-2.12903711 -0.74975695 -5.61576671 -7.47151722]
[-2.12903711 -0.74975695 -5.61576671 -7.47151722]
[-2.12903711 -0.74975695 -5.61576671 -7.47151722]
[-2.12903711 -0.74975695 -5.61576671 -7.47151722]
[-2.12903711 -0.74975695 -5.61576671 -7.47151722]
[-2.12903711 -0.74975695 -5.61576671 -7.47151722]
[-2.12903711 -0.74975695 -5.61576671 -7.47151722]
[-0.49345799 -0.4002268  -3.74789413 -3.71020288]
[-0.22016309 -0.0395301  -1.27402901 -9.42021972]
[-0.22016309 -0.0395301  -1.27402901 -9.42021972]
[-0.22016309 -0.0395301  -1.27402901 -9.42021972]
[-2.59939632 -0.04872315 -5.48777387 -2.07665662]
[-2.59939632 -0.04872315 -5.48777387 -2.07665662]
[-2.59939632 -0.04872315 -5.48777387 -2.07665662]
[-2.53203300e-04 -6.91628601e-02 -1.44381309e+00 -2.05298390e+00]
[-2.53203300e-04 -6.91628601e-02 -1.44381309e+00 -2.05298390e+00]
[-2.53203300e-04 -6.91628601e-02 -1.44381309e+00 -2.05298390e+00]
[-6.93940582e-04 -7.70925694e-01 -1.42408554e+00 -3.62043732e-05]
[-6.93940582e-04 -7.70925694e-01 -1.42408554e+00 -3.62043732e-05]
[-6.93940582e-04 -7.70925694e-01 -1.42408554e+00 -3.62043732e-05]
[-6.93940582e-04 -7.70925694e-01 -1.42408554e+00 -3.62043732e-05]
[-1.37300326e+00 -1.18201051e-01 -1.83311811e+00 -3.85046401e-04]
[-1.37300326e+00 -1.18201051e-01 -1.83311811e+00 -3.85046401e-04]
[-1.77509947 -0.13648843 -1.11403808 -0.59035226]
[-1.84407762 -0.0050405  -0.07156352 -1.86454393]
[-1.12258538e+00 -5.14045883e-01 -1.08653044e-01 -4.81239830e-04]
[-1.12258538e+00 -5.14045883e-01 -1.08653044e-01 -4.81239830e-04]
[-0.21379721 -0.39259739 -1.25816062 -0.67856595]
[-0.21379721 -0.39259739 -1.25816062 -0.67856595]
[-0.21379721 -0.39259739 -1.25816062 -0.67856595]
[-0.21379721 -0.39259739 -1.25816062 -0.67856595]
[-0.21379721 -0.39259739 -1.25816062 -0.67856595]
[-0.21379721 -0.39259739 -1.25816062 -0.67856595]
[-0.21379721 -0.39259739 -1.25816062 -0.67856595]
[-0.76765099 -1.82022163 -0.0323549  -0.28889553]
[-0.76765099 -1.82022163 -0.0323549  -0.28889553]
[-0.76765099 -1.82022163 -0.0323549  -0.28889553]
[-0.76765099 -1.82022163 -0.0323549  -0.28889553]
[-0.76765099 -1.82022163 -0.0323549  -0.28889553]
[-0.76765099 -1.82022163 -0.0323549  -0.28889553]
[-2.03113179 -1.78217823 -0.07604426 -0.39114759]
[-1.58498172 -2.04738619 -0.03528136 -0.20721612]
[-1.83561072 -1.80349088 -0.12819357 -2.51725226]
[-1.6050843  -2.28962018 -0.59804521 -4.56488252]
[-1.6050843  -2.28962018 -0.59804521 -4.56488252]
[-0.0183722  -0.92770727 -9.67286149 -2.69454566]
[-0.0183722  -0.92770727 -9.67286149 -2.69454566]
[-0.0183722  -0.92770727 -9.67286149 -2.69454566]
[-0.39765072 -0.03673313 -2.86822995 -0.09280405]
[-0.39765072 -0.03673313 -2.86822995 -0.09280405]
[-0.39765072 -0.03673313 -2.86822995 -0.09280405]
[-0.39765072 -0.03673313 -2.86822995 -0.09280405]
[-0.39765072 -0.03673313 -2.86822995 -0.09280405]
[-0.39765072 -0.03673313 -2.86822995 -0.09280405]
[-0.01344313 -0.73424433 -1.55032417 -0.50678648]
[-0.01344313 -0.73424433 -1.55032417 -0.50678648]
[-0.11056975 -1.5980307  -0.62307022 -0.00275556]
[-0.0055848  -0.59341712 -2.09885882 -0.4378382 ]
[-0.0055848  -0.59341712 -2.09885882 -0.4378382 ]
[-0.0055848  -0.59341712 -2.09885882 -0.4378382 ]
[-0.0055848  -0.59341712 -2.09885882 -0.4378382 ]
[-0.09934375 -0.83545235 -0.07082221 -2.49052964]
[-0.09934375 -0.83545235 -0.07082221 -2.49052964]
[-0.09934375 -0.83545235 -0.07082221 -2.49052964]
[-0.36151278 -0.05131736 -0.32027803 -0.02619884]
[-0.00743702 -1.12061044 -1.37844186 -1.36081712]
[-0.00743702 -1.12061044 -1.37844186 -1.36081712]
[-0.00743702 -1.12061044 -1.37844186 -1.36081712]
[-0.00743702 -1.12061044 -1.37844186 -1.36081712]
[-0.00743702 -1.12061044 -1.37844186 -1.36081712]
[-8.14933679e-01 -3.06733248e-02 -1.41450338e+00 -1.21386421e-03]
[-0.10955447 -0.03625077 -5.38717595 -0.15264164]
[-0.10955447 -0.03625077 -5.38717595 -0.15264164]
[-0.10955447 -0.03625077 -5.38717595 -0.15264164]
[-0.10955447 -0.03625077 -5.38717595 -0.15264164]
[-0.00340431 -0.08079926 -1.50460666 -0.11921471]
[-1.26091324e-03 -6.56347682e-01 -1.39524555e+00 -1.92929251e+00]
[-1.26091324e-03 -6.56347682e-01 -1.39524555e+00 -1.92929251e+00]
[-1.26091324e-03 -6.56347682e-01 -1.39524555e+00 -1.92929251e+00]
[-1.26091324e-03 -6.56347682e-01 -1.39524555e+00 -1.92929251e+00]
[-1.26091324e-03 -6.56347682e-01 -1.39524555e+00 -1.92929251e+00]
[-1.26091324e-03 -6.56347682e-01 -1.39524555e+00 -1.92929251e+00]
[-1.04588112 -0.77037881 -0.72818258 -2.07116224]
[-1.18862909 -1.45342612 -0.81631173 -0.96673353]
[-2.01104067 -1.33499001 -0.20032113 -0.0925169 ]
[-2.01104067 -1.33499001 -0.20032113 -0.0925169 ]
[-2.01104067 -1.33499001 -0.20032113 -0.0925169 ]
[-2.01104067 -1.33499001 -0.20032113 -0.0925169 ]
[-0.17715138 -0.01049758 -2.4496577  -3.65394219]
[-0.17715138 -0.01049758 -2.4496577  -3.65394219]
[-0.17715138 -0.01049758 -2.4496577  -3.65394219]
[-0.17715138 -0.01049758 -2.4496577  -3.65394219]
[-0.17715138 -0.01049758 -2.4496577  -3.65394219]
[-0.17715138 -0.01049758 -2.4496577  -3.65394219]
[-0.00997232 -0.52136438 -0.07443388 -0.31433079]
[-0.00997232 -0.52136438 -0.07443388 -0.31433079]
[-0.00997232 -0.52136438 -0.07443388 -0.31433079]
[-0.00997232 -0.52136438 -0.07443388 -0.31433079]
[-0.00997232 -0.52136438 -0.07443388 -0.31433079]
[-0.00997232 -0.52136438 -0.07443388 -0.31433079]
[-0.04156417 -1.94171905 -0.11780766 -0.03368052]
[-0.21858169 -2.1428898  -0.16075565 -0.11801249]
[-0.28937156 -0.51794882 -0.31466531 -0.17160788]
[-0.04253575 -0.31324136 -0.39901549 -1.95809291]
[-0.13413825 -0.23907536 -2.61384706 -0.22648968]
[-0.19094738 -0.24612472 -0.4807068  -0.84892291]
[-0.19094738 -0.24612472 -0.4807068  -0.84892291]
[-0.19094738 -0.24612472 -0.4807068  -0.84892291]
[-0.77869341 -0.34434184 -0.66100968 -0.05815068]
[-0.94698776 -0.49914405 -0.122143   -0.22836344]
[-1.37447516 -0.63552492 -0.05280567 -0.46873299]
[-1.37447516 -0.63552492 -0.05280567 -0.46873299]
[-1.6694576  -0.13345613 -0.2393397  -0.0017378 ]
[-0.01678586 -0.12510505 -1.47756478 -0.02817843]
[-0.01678586 -0.12510505 -1.47756478 -0.02817843]
[-0.73254414 -0.02077942 -1.52481313 -0.10114814]
[-0.73254414 -0.02077942 -1.52481313 -0.10114814]
[-0.76592242 -0.39696676 -5.66961874 -0.3227743 ]
[-0.76592242 -0.39696676 -5.66961874 -0.3227743 ]
[-4.08619066 -0.77465931 -2.23040162 -1.6838316 ]
[-4.08619066 -0.77465931 -2.23040162 -1.6838316 ]
[-1.2854789  -2.59094222 -7.98600633 -5.68923597]
[-1.2854789  -2.59094222 -7.98600633 -5.68923597]
[-1.2854789  -2.59094222 -7.98600633 -5.68923597]
[-4.93451215 -0.39386772 -8.29252191 -0.95467674]
[-1.53592545 -0.46418393 -2.16542291 -0.90240758]
[-1.53592545 -0.46418393 -2.16542291 -0.90240758]
[-1.53592545 -0.46418393 -2.16542291 -0.90240758]
[-1.53592545 -0.46418393 -2.16542291 -0.90240758]
[-1.53592545 -0.46418393 -2.16542291 -0.90240758]
[-1.53592545 -0.46418393 -2.16542291 -0.90240758]
[-1.53592545 -0.46418393 -2.16542291 -0.90240758]
[-1.53592545 -0.46418393 -2.16542291 -0.90240758]
[-1.53592545 -0.46418393 -2.16542291 -0.90240758]
[-1.53592545 -0.46418393 -2.16542291 -0.90240758]
[-1.53592545 -0.46418393 -2.16542291 -0.90240758]
[-1.53592545 -0.46418393 -2.16542291 -0.90240758]
[-1.53592545 -0.46418393 -2.16542291 -0.90240758]
[-2.47731    -0.09407066 -2.61953737 -0.72888708]
[-1.43843136 -0.20581674 -2.31738503 -1.56594034]
[-1.43843136 -0.20581674 -2.31738503 -1.56594034]
[-1.43843136 -0.20581674 -2.31738503 -1.56594034]
[-1.43843136 -0.20581674 -2.31738503 -1.56594034]
[-1.43843136 -0.20581674 -2.31738503 -1.56594034]
[-1.43843136 -0.20581674 -2.31738503 -1.56594034]
[-1.43843136 -0.20581674 -2.31738503 -1.56594034]
[-1.43843136 -0.20581674 -2.31738503 -1.56594034]
[-1.43843136 -0.20581674 -2.31738503 -1.56594034]
[-1.99353686 -0.09164394 -1.85502912 -0.46946309]
[-0.42971808 -0.2143958  -0.63328638 -0.20557423]
[-0.42971808 -0.2143958  -0.63328638 -0.20557423]
[-0.42971808 -0.2143958  -0.63328638 -0.20557423]
[-0.17957087 -1.64444116 -0.67119022 -0.00191842]
[-0.17957087 -1.64444116 -0.67119022 -0.00191842]
[-0.17957087 -1.64444116 -0.67119022 -0.00191842]
[-2.00360169e-04 -1.30400059e-03 -7.28686114e-02 -7.92640022e-01]
[-2.00360169e-04 -1.30400059e-03 -7.28686114e-02 -7.92640022e-01]
[-2.00360169e-04 -1.30400059e-03 -7.28686114e-02 -7.92640022e-01]
[-2.00360169e-04 -1.30400059e-03 -7.28686114e-02 -7.92640022e-01]
[-2.00360169e-04 -1.30400059e-03 -7.28686114e-02 -7.92640022e-01]
[-0.17389132 -1.34763597 -0.30700087 -1.27489022]
[-2.37705187 -0.11347384 -6.62285229 -0.02304419]
[-0.51516594 -2.83099106 -1.67075482 -1.3502785 ]
[-1.6943268  -0.16131585 -0.07973004 -1.16025213]
[-4.30546276e-04 -3.70357798e-01 -1.34857817e-01 -1.62910341e+00]
[-0.97903529 -0.2742674  -0.02822957 -3.24304983]
[-0.81829624 -0.52261159 -0.12706876 -2.03855064]
[-0.81829624 -0.52261159 -0.12706876 -2.03855064]
[-0.81829624 -0.52261159 -0.12706876 -2.03855064]
[-0.28252257 -7.06052824 -1.50114051 -0.79363134]
[-6.08004722 -1.15667446 -3.10509764 -0.8247365 ]
[-0.7816288  -0.2900573  -3.04446165 -0.23733464]
[-0.12053354 -0.30898015 -4.69077014 -0.17915266]
[-0.13283806 -0.01819257 -4.97167056 -0.07057955]
[-3.19343165e-03 -5.03732011e-03 -8.51855715e+00 -1.29666963e-01]
[-0.01450006 -0.3818725  -5.25737033 -2.08677293]
[-0.01450006 -0.3818725  -5.25737033 -2.08677293]
[-0.01450006 -0.3818725  -5.25737033 -2.08677293]
[-0.01450006 -0.3818725  -5.25737033 -2.08677293]
[-0.01450006 -0.3818725  -5.25737033 -2.08677293]
[-0.01450006 -0.3818725  -5.25737033 -2.08677293]
[-0.01450006 -0.3818725  -5.25737033 -2.08677293]
[-0.01450006 -0.3818725  -5.25737033 -2.08677293]
[-0.01450006 -0.3818725  -5.25737033 -2.08677293]
[-0.01450006 -0.3818725  -5.25737033 -2.08677293]
[-0.01450006 -0.3818725  -5.25737033 -2.08677293]
[-0.01450006 -0.3818725  -5.25737033 -2.08677293]
[-0.01450006 -0.3818725  -5.25737033 -2.08677293]
[-0.95388807 -0.79352896 -2.58061134 -0.18133801]
[-0.49537363 -0.04175277 -0.34539065 -0.48081853]
[-0.49537363 -0.04175277 -0.34539065 -0.48081853]
[-0.49537363 -0.04175277 -0.34539065 -0.48081853]
[-0.49537363 -0.04175277 -0.34539065 -0.48081853]
[-0.49537363 -0.04175277 -0.34539065 -0.48081853]
[-0.49537363 -0.04175277 -0.34539065 -0.48081853]
[-0.09848206 -2.05551484 -0.20162678 -0.23732659]
[-0.83823771 -0.15759195 -0.05894197 -0.31892844]
[-0.01468336 -0.36388347 -0.10262759 -0.11413881]
[-0.0072376  -0.27630984 -0.0087352  -1.51473345]
[-0.0072376  -0.27630984 -0.0087352  -1.51473345]
[-0.09732355 -0.13487175 -3.2242827  -3.02032171]
[-0.09732355 -0.13487175 -3.2242827  -3.02032171]
[-0.09732355 -0.13487175 -3.2242827  -3.02032171]
[-0.09732355 -0.13487175 -3.2242827  -3.02032171]
[-0.09732355 -0.13487175 -3.2242827  -3.02032171]
[-0.09732355 -0.13487175 -3.2242827  -3.02032171]
[-0.09732355 -0.13487175 -3.2242827  -3.02032171]
[-0.09732355 -0.13487175 -3.2242827  -3.02032171]
[-0.5449806  -0.63133498 -3.08372377 -6.98947173]
[-0.5449806  -0.63133498 -3.08372377 -6.98947173]
[-0.60497801 -2.89142658 -4.19656023 -2.92474716]
[-0.60497801 -2.89142658 -4.19656023 -2.92474716]
[-2.35521937e-01 -5.88055614e-01 -8.24339089e+00 -3.77071880e-04]
[-2.35521937e-01 -5.88055614e-01 -8.24339089e+00 -3.77071880e-04]
[-0.11375362 -0.92690627 -9.32344305 -0.16389533]
[-0.11375362 -0.92690627 -9.32344305 -0.16389533]
[-0.26995773 -0.28998386 -9.05142553 -0.79275538]
[-0.89082032 -0.34032539 -2.93557069 -0.62423824]
[-0.89082032 -0.34032539 -2.93557069 -0.62423824]
[-0.89082032 -0.34032539 -2.93557069 -0.62423824]
[-0.89082032 -0.34032539 -2.93557069 -0.62423824]
[-0.89082032 -0.34032539 -2.93557069 -0.62423824]
[-0.20348734 -0.05911045 -5.41838611 -0.56412314]
[-0.20348734 -0.05911045 -5.41838611 -0.56412314]
[-0.20348734 -0.05911045 -5.41838611 -0.56412314]
[-0.24019986 -0.2290489  -3.01034853 -0.06629959]
[-0.52644605 -0.01302259 -4.96679094 -0.61983983]
[-0.01765149 -0.14400329 -2.88598204 -3.10225011]
[-0.39244355 -0.02260041 -0.52532975 -1.0604419 ]
[-0.39244355 -0.02260041 -0.52532975 -1.0604419 ]
[-0.12080375 -0.33780346 -1.90380681 -2.71989161]
[-0.14743651 -1.52818384 -0.57813709 -3.74623996]
[-0.14743651 -1.52818384 -0.57813709 -3.74623996]
[-0.05544008 -0.90228366 -0.26100065 -2.13170038]
[-0.27224223 -0.10326542 -0.00125288 -0.64920956]
[-0.27224223 -0.10326542 -0.00125288 -0.64920956]
[-1.51648752e+00 -2.37581681e-02 -3.83040856e-01 -1.63059073e-04]
[-1.51648752e+00 -2.37581681e-02 -3.83040856e-01 -1.63059073e-04]
[-0.33311196 -0.89700373 -5.53729591 -0.03781433]
[-0.33311196 -0.89700373 -5.53729591 -0.03781433]
[-1.33884453 -1.33248081 -4.5222299  -0.36890817]
[-1.33884453 -1.33248081 -4.5222299  -0.36890817]
[-1.33884453 -1.33248081 -4.5222299  -0.36890817]
[-1.33884453 -1.33248081 -4.5222299  -0.36890817]
[-1.33884453 -1.33248081 -4.5222299  -0.36890817]
[-1.33884453 -1.33248081 -4.5222299  -0.36890817]
[-2.76846942 -1.82345789 -1.66871499 -0.15450966]
[-3.45921022e+00 -2.65831725e-01 -1.16097732e+00 -2.57984203e-04]
[-1.0508899  -0.09077433 -0.44668841 -0.0101266 ]
[-0.65744248 -0.0116319  -0.61628845 -1.38257655]
[-0.65744248 -0.0116319  -0.61628845 -1.38257655]
[-0.65744248 -0.0116319  -0.61628845 -1.38257655]
[-0.65744248 -0.0116319  -0.61628845 -1.38257655]
[-0.65744248 -0.0116319  -0.61628845 -1.38257655]
[-0.65744248 -0.0116319  -0.61628845 -1.38257655]
[-0.65744248 -0.0116319  -0.61628845 -1.38257655]
[-0.65744248 -0.0116319  -0.61628845 -1.38257655]
[-0.65744248 -0.0116319  -0.61628845 -1.38257655]
[-0.65744248 -0.0116319  -0.61628845 -1.38257655]
[-0.08287184 -0.05575065 -2.40336556 -0.60856765]
[-0.08287184 -0.05575065 -2.40336556 -0.60856765]
[-0.22787646 -0.02547438 -4.31562462 -0.37059301]
[-0.00666532 -0.13507244 -0.47408344 -0.41105534]
[-0.00666532 -0.13507244 -0.47408344 -0.41105534]
[-0.00666532 -0.13507244 -0.47408344 -0.41105534]
[-2.42742654e-03 -5.68553378e-04 -3.07508212e-01 -4.62009994e+00]
[-0.08667651 -0.01213491 -0.90968021 -7.51311935]
[-0.08667651 -0.01213491 -0.90968021 -7.51311935]
[-0.08667651 -0.01213491 -0.90968021 -7.51311935]
[-0.08667651 -0.01213491 -0.90968021 -7.51311935]
[-0.08667651 -0.01213491 -0.90968021 -7.51311935]
[-0.08667651 -0.01213491 -0.90968021 -7.51311935]
[-0.08667651 -0.01213491 -0.90968021 -7.51311935]
[ -0.10983453  -1.22028163  -2.77629604 -10.51746274]
[ -0.10983453  -1.22028163  -2.77629604 -10.51746274]
[ -0.10983453  -1.22028163  -2.77629604 -10.51746274]
[ -0.10983453  -1.22028163  -2.77629604 -10.51746274]
[ -0.10983453  -1.22028163  -2.77629604 -10.51746274]
[ -0.10983453  -1.22028163  -2.77629604 -10.51746274]
[ -0.10983453  -1.22028163  -2.77629604 -10.51746274]
[ -0.10983453  -1.22028163  -2.77629604 -10.51746274]
[ -0.10983453  -1.22028163  -2.77629604 -10.51746274]
[-1.59358902 -0.10743148 -0.30088451 -8.40630314]
[-0.23568908 -0.62398192 -0.04195457 -1.39889217]
[-0.23568908 -0.62398192 -0.04195457 -1.39889217]
[-0.23568908 -0.62398192 -0.04195457 -1.39889217]
[-0.23568908 -0.62398192 -0.04195457 -1.39889217]
[-0.75693327 -0.35964291 -0.15417869 -0.02209234]
[-0.26999298 -0.62020372 -0.4114669  -0.01313762]
[-0.50046609 -0.06080301 -0.45626284 -0.06434286]
[-0.10671755 -0.07873531 -0.28776018 -0.00676509]
[-0.10671755 -0.07873531 -0.28776018 -0.00676509]
[-0.10671755 -0.07873531 -0.28776018 -0.00676509]
[-0.10671755 -0.07873531 -0.28776018 -0.00676509]
[-0.10671755 -0.07873531 -0.28776018 -0.00676509]
[-0.96186079 -0.03587365 -0.00685074 -0.05279975]
[-0.26085893 -0.41353518 -0.05256149 -1.28925952]
[-0.00325811 -0.91221438 -1.28808111 -0.01038678]
[-0.00325811 -0.91221438 -1.28808111 -0.01038678]
[-0.00325811 -0.91221438 -1.28808111 -0.01038678]
[-0.00325811 -0.91221438 -1.28808111 -0.01038678]
[-0.07747495 -0.07743051 -0.20646986 -0.42270753]
[-0.07747495 -0.07743051 -0.20646986 -0.42270753]
[-0.07747495 -0.07743051 -0.20646986 -0.42270753]
[-0.07747495 -0.07743051 -0.20646986 -0.42270753]
[-0.07747495 -0.07743051 -0.20646986 -0.42270753]
[-0.00027225 -0.12461406 -0.04060828 -0.00041729]
[-0.00027225 -0.12461406 -0.04060828 -0.00041729]
[-0.00027225 -0.12461406 -0.04060828 -0.00041729]
[-0.00027225 -0.12461406 -0.04060828 -0.00041729]
[-0.88499373 -1.42567265 -0.22949348 -0.03306511]
[-0.88499373 -1.42567265 -0.22949348 -0.03306511]
[-0.88499373 -1.42567265 -0.22949348 -0.03306511]
[-0.60735605 -1.19615697 -1.89772277 -0.51551911]
[-0.60735605 -1.19615697 -1.89772277 -0.51551911]
[-2.81519517 -0.31084099 -0.51850392 -0.27123759]
[-1.30346947 -0.00999505 -3.83718544 -0.80916711]
[-1.30346947 -0.00999505 -3.83718544 -0.80916711]
[-1.30346947 -0.00999505 -3.83718544 -0.80916711]
[-2.31170217 -0.94660939 -0.39398925 -0.30501901]
[-2.31170217 -0.94660939 -0.39398925 -0.30501901]
[-0.03581193 -0.39148377 -0.08493913 -3.59222403]
[-0.02496763 -0.08610831 -1.10583708 -0.32849265]
[-0.02496763 -0.08610831 -1.10583708 -0.32849265]
[-0.02496763 -0.08610831 -1.10583708 -0.32849265]
[-0.02496763 -0.08610831 -1.10583708 -0.32849265]
[-1.30292852e+00 -2.08229312e+00 -3.39084885e-04 -4.31211948e-03]
[-1.30292852e+00 -2.08229312e+00 -3.39084885e-04 -4.31211948e-03]
[-1.17257094e-02 -4.33399450e+00 -6.60398803e-04 -7.18855927e-01]
[-0.28145593 -4.51960934 -0.7882283  -2.43449471]
[-0.33020732 -1.46995458 -2.56081685 -2.93077861]
[-0.11484221 -0.24998381 -3.06922439 -0.21594634]
[-1.10526699 -0.12132603 -0.25469057 -0.94138476]
[-1.10526699 -0.12132603 -0.25469057 -0.94138476]
[-1.10526699 -0.12132603 -0.25469057 -0.94138476]
[-1.10526699 -0.12132603 -0.25469057 -0.94138476]
[-1.10526699 -0.12132603 -0.25469057 -0.94138476]
[-1.10526699 -0.12132603 -0.25469057 -0.94138476]
[-0.11237002 -0.22696934 -0.21497566 -0.58917879]
[-0.2396254  -0.1895722  -0.06811299 -1.5330542 ]
[-0.20115348 -0.05416273 -0.53519539 -0.10999376]
[-0.06043306 -0.49465159 -0.70266011 -0.28586632]
[-0.06043306 -0.49465159 -0.70266011 -0.28586632]
[-0.06043306 -0.49465159 -0.70266011 -0.28586632]
[-0.06043306 -0.49465159 -0.70266011 -0.28586632]
[-0.06043306 -0.49465159 -0.70266011 -0.28586632]
[-0.06043306 -0.49465159 -0.70266011 -0.28586632]
[-0.06043306 -0.49465159 -0.70266011 -0.28586632]
[-0.06043306 -0.49465159 -0.70266011 -0.28586632]
[-0.06043306 -0.49465159 -0.70266011 -0.28586632]
[-0.06043306 -0.49465159 -0.70266011 -0.28586632]
[-0.06043306 -0.49465159 -0.70266011 -0.28586632]
[-0.06043306 -0.49465159 -0.70266011 -0.28586632]
[-0.06043306 -0.49465159 -0.70266011 -0.28586632]
[-0.19615457 -0.00250781 -0.19382257 -0.07213261]
[-0.19615457 -0.00250781 -0.19382257 -0.07213261]
[-6.98240196e-01 -9.99619547e-02 -1.07566824e-02 -1.69053902e-04]
[-0.32435093 -0.73983201 -0.14844966 -0.23493186]
[-6.52847353e-04 -1.30350653e+00 -1.26355858e-02 -9.60110271e-02]
[-0.06554949 -0.41475188 -0.46532322 -0.16431414]
[-0.06554949 -0.41475188 -0.46532322 -0.16431414]
[-1.10371941 -0.00506957 -1.58283195 -0.48621609]
[-0.11247119 -0.25478217 -0.93348703 -0.83341985]
[-0.11247119 -0.25478217 -0.93348703 -0.83341985]
[-0.00188635 -0.08359799 -0.50572618 -0.35487179]
[-0.00188635 -0.08359799 -0.50572618 -0.35487179]
[-0.00188635 -0.08359799 -0.50572618 -0.35487179]
[-0.13006065 -0.03631727 -0.02456881 -0.77907483]
[-0.13006065 -0.03631727 -0.02456881 -0.77907483]
[-0.13006065 -0.03631727 -0.02456881 -0.77907483]
[-0.13006065 -0.03631727 -0.02456881 -0.77907483]
[-0.13006065 -0.03631727 -0.02456881 -0.77907483]
[-0.13006065 -0.03631727 -0.02456881 -0.77907483]
[-0.13006065 -0.03631727 -0.02456881 -0.77907483]
[-0.13006065 -0.03631727 -0.02456881 -0.77907483]
[-0.13006065 -0.03631727 -0.02456881 -0.77907483]
[-0.13006065 -0.03631727 -0.02456881 -0.77907483]
[-0.01184706 -0.01669697 -1.15421468 -5.81264964]
[-0.18372527 -1.09582414 -0.20606854 -1.13546754]
[-0.18372527 -1.09582414 -0.20606854 -1.13546754]
[-0.18372527 -1.09582414 -0.20606854 -1.13546754]
[-0.18372527 -1.09582414 -0.20606854 -1.13546754]
[-0.18372527 -1.09582414 -0.20606854 -1.13546754]
[-0.18372527 -1.09582414 -0.20606854 -1.13546754]
[-0.18372527 -1.09582414 -0.20606854 -1.13546754]
[-0.18372527 -1.09582414 -0.20606854 -1.13546754]
[-0.18372527 -1.09582414 -0.20606854 -1.13546754]
[-0.18372527 -1.09582414 -0.20606854 -1.13546754]
[-0.18372527 -1.09582414 -0.20606854 -1.13546754]
[-0.47539029 -1.66683212 -0.0064933  -0.11246224]
[-0.47539029 -1.66683212 -0.0064933  -0.11246224]
[-0.47539029 -1.66683212 -0.0064933  -0.11246224]
[-0.47539029 -1.66683212 -0.0064933  -0.11246224]
[-1.73115124 -0.28213574 -2.55049311 -0.15405016]
[-0.30895609 -0.97077824 -0.75547421 -0.36151835]
[-0.92276603 -0.0662726  -0.43613935 -0.61729362]
[-0.92276603 -0.0662726  -0.43613935 -0.61729362]
[-0.92276603 -0.0662726  -0.43613935 -0.61729362]
[-0.92276603 -0.0662726  -0.43613935 -0.61729362]
[-0.90367453 -0.03134275 -0.00262377 -0.13079721]
[-0.90367453 -0.03134275 -0.00262377 -0.13079721]
[-0.90367453 -0.03134275 -0.00262377 -0.13079721]
[-0.27730397 -0.35645419 -0.12093204 -0.96805776]
[-0.0612464  -0.03922867 -0.94088668 -0.04316869]
[-0.02295087 -0.17992698 -0.03758349 -1.81813276]
[-0.02295087 -0.17992698 -0.03758349 -1.81813276]
[-0.02295087 -0.17992698 -0.03758349 -1.81813276]
[-0.02295087 -0.17992698 -0.03758349 -1.81813276]
[-0.02295087 -0.17992698 -0.03758349 -1.81813276]
[-0.00609335 -0.31716357 -0.33467119 -0.76361524]
[-0.00371306 -0.04376446 -0.01081122 -1.33585157]
[-0.50614328 -0.07040062 -3.70818285 -0.34237438]
[-0.50614328 -0.07040062 -3.70818285 -0.34237438]
[-1.73766123 -0.09322741 -4.13741663 -0.0053704 ]
[-0.55881755 -0.03878215 -2.31715201 -0.00400694]
[-0.55881755 -0.03878215 -2.31715201 -0.00400694]
[-0.05555278 -0.04281362 -1.33098863 -0.44767222]
[-0.05094667 -0.33114172 -3.09572612 -0.02430694]
[-0.02039782 -0.00092013 -0.87324844 -0.01382011]
[-0.02039782 -0.00092013 -0.87324844 -0.01382011]
[-0.93665789 -0.09229409 -0.79856974 -0.55059662]
[-0.93665789 -0.09229409 -0.79856974 -0.55059662]
[-0.93665789 -0.09229409 -0.79856974 -0.55059662]
[-0.93665789 -0.09229409 -0.79856974 -0.55059662]
[-0.93665789 -0.09229409 -0.79856974 -0.55059662]
[-0.93665789 -0.09229409 -0.79856974 -0.55059662]
[-0.93665789 -0.09229409 -0.79856974 -0.55059662]
[-0.93665789 -0.09229409 -0.79856974 -0.55059662]
[-0.93665789 -0.09229409 -0.79856974 -0.55059662]
[-0.93665789 -0.09229409 -0.79856974 -0.55059662]
[-0.93665789 -0.09229409 -0.79856974 -0.55059662]
[-0.93665789 -0.09229409 -0.79856974 -0.55059662]
[-0.09410869 -0.01869208 -0.00572722 -1.04451117]
[-0.09410869 -0.01869208 -0.00572722 -1.04451117]
[-0.09410869 -0.01869208 -0.00572722 -1.04451117]
[-0.09410869 -0.01869208 -0.00572722 -1.04451117]
[-0.09410869 -0.01869208 -0.00572722 -1.04451117]
[-0.09410869 -0.01869208 -0.00572722 -1.04451117]
[-0.09410869 -0.01869208 -0.00572722 -1.04451117]
[-0.09410869 -0.01869208 -0.00572722 -1.04451117]
[-0.09410869 -0.01869208 -0.00572722 -1.04451117]
[-0.09410869 -0.01869208 -0.00572722 -1.04451117]
[-0.09410869 -0.01869208 -0.00572722 -1.04451117]
[-0.09410869 -0.01869208 -0.00572722 -1.04451117]
[-0.09410869 -0.01869208 -0.00572722 -1.04451117]
[-0.09410869 -0.01869208 -0.00572722 -1.04451117]
[-0.09410869 -0.01869208 -0.00572722 -1.04451117]
[-1.22332713e-03 -2.01810547e+00 -7.89757051e-04 -2.71178278e+00]
[-1.22332713e-03 -2.01810547e+00 -7.89757051e-04 -2.71178278e+00]
[-1.22332713e-03 -2.01810547e+00 -7.89757051e-04 -2.71178278e+00]
[-1.22332713e-03 -2.01810547e+00 -7.89757051e-04 -2.71178278e+00]
[-1.22332713e-03 -2.01810547e+00 -7.89757051e-04 -2.71178278e+00]
[-3.10267348 -1.07348576 -1.37236647 -1.40164898]
[-1.89594152 -0.01151034 -2.6709922  -2.47367233]
[-0.05454751 -0.32504007 -1.55111671 -0.43918933]
[-0.05454751 -0.32504007 -1.55111671 -0.43918933]
[-0.05454751 -0.32504007 -1.55111671 -0.43918933]
[-0.05454751 -0.32504007 -1.55111671 -0.43918933]
[-0.05454751 -0.32504007 -1.55111671 -0.43918933]
[-0.05454751 -0.32504007 -1.55111671 -0.43918933]
[-0.05454751 -0.32504007 -1.55111671 -0.43918933]
[-0.14546879 -0.62083857 -1.37056406 -2.01084168]
[-0.14546879 -0.62083857 -1.37056406 -2.01084168]
[-0.14546879 -0.62083857 -1.37056406 -2.01084168]
[-0.14546879 -0.62083857 -1.37056406 -2.01084168]
[-0.14546879 -0.62083857 -1.37056406 -2.01084168]
[-0.14546879 -0.62083857 -1.37056406 -2.01084168]
[-0.14546879 -0.62083857 -1.37056406 -2.01084168]
[-0.49291294 -0.44002773 -0.08606051 -3.93600557]
[-0.49291294 -0.44002773 -0.08606051 -3.93600557]
[-0.49291294 -0.44002773 -0.08606051 -3.93600557]
[-0.01854559 -0.76510638 -0.28662178 -4.46819016]
[-0.01854559 -0.76510638 -0.28662178 -4.46819016]
[-0.47962441 -1.00917314 -0.02131873 -0.26038084]
[-0.47962441 -1.00917314 -0.02131873 -0.26038084]
[-0.09192289 -2.62280796 -0.06783026 -3.25874802]
[-0.09192289 -2.62280796 -0.06783026 -3.25874802]
[-0.09192289 -2.62280796 -0.06783026 -3.25874802]
[-0.98354253 -0.32408875 -0.82346712 -0.00215538]
[-0.98354253 -0.32408875 -0.82346712 -0.00215538]
[-0.98354253 -0.32408875 -0.82346712 -0.00215538]
