[-4.32059238 -4.32059238 -4.32059238 -4.32059238 -4.32059238 -4.32059238
 -4.32059238 -4.32059238 -4.32059238 -4.32059238 -4.32059238 -4.32059238
 -4.32059238 -4.32059238 -4.32059238 -4.32059238 -4.32059238 -4.32059238
 -4.32059238 -4.32059238 -4.32059238 -4.32059238 -4.32059238 -4.32059238
 -4.32059238 -4.32059238 -4.32059238 -4.32059238 -4.32059238 -4.32059238
 -4.32059238 -4.32059238 -4.32059238 -4.32059238 -4.32059238 -4.32059238
 -4.32059238 -4.32059238 -4.32059238 -4.32059238 -4.32059238 -4.32059238
 -4.32059238 -4.32059238 -4.32059238 -4.32059238 -4.32059238 -4.32059238
 -4.32059238 -4.32059238 -4.32059238 -4.32059238 -4.32059238 -4.32059238
 -4.32059238 -4.32059238 -4.32059238 -4.32059238 -4.32059238 -4.32059238
 -4.32059238 -4.32059238 -4.32059238 -4.32059238 -4.32059238 -4.32059238
 -4.32059238 -4.32059238 -4.32059238 -4.32059238 -4.32059238 -4.32059238
 -4.32059238 -4.32059238 -4.32059238 -4.32059238 -4.32059238 -4.32059238
 -4.32059238 -4.32059238 -4.32059238 -4.32059238 -4.32059238 -4.32059238
 -4.32059238 -4.32059238 -4.32059238 -4.32059238 -4.32059238 -4.32059238
 -4.32059238 -4.32059238 -4.32059238 -4.32059238 -4.32059238 -4.32059238
 -4.32059238 -4.32059238 -4.32059238 -4.32059238 -4.32059238 -4.32059238
 -4.32059238 -4.32059238 -4.32059238 -4.32059238 -4.32059238 -4.32059238
 -4.32059238 -4.32059238 -4.32059238 -4.32059238 -4.32059238 -4.32059238
 -4.32059238 -4.32059238 -4.32059238 -4.32059238 -4.32059238 -4.32059238
 -4.32059238 -4.32059238 -4.32059238 -4.32059238 -4.32059238 -4.32059238
 -4.32059238 -4.32059238 -4.32059238 -4.32059238 -4.32059238 -4.32059238
 -4.32059238 -4.32059238 -4.32059238 -4.32059238 -4.32059238 -4.32059238
 -4.32059238 -4.32059238 -4.32059238 -4.32059238 -4.32059238 -4.32059238
 -4.32059238 -4.32059238 -4.32059238 -4.32059238 -4.32059238 -4.32059238
 -4.32059238 -4.32059238 -4.32059238 -4.32059238 -4.32059238 -4.32059238
 -4.32059238 -4.32059238 -4.32059238 -4.32059238 -4.32059238 -4.32059238
 -4.32059238 -4.32059238 -4.32059238 -4.32059238 -4.32059238 -4.32059238
 -4.32059238 -4.32059238 -4.32059238 -4.32059238 -4.32059238 -4.32059238
 -4.32059238 -4.32059238 -4.32059238 -4.32059238 -4.32059238 -4.32059238
 -4.32059238 -4.32059238 -4.32059238 -4.32059238 -4.32059238 -4.32059238
 -4.32059238 -4.32059238 -4.32059238 -4.32059238 -4.32059238 -4.32059238
 -4.32059238 -4.32059238 -4.32059238 -4.32059238 -4.32059238 -4.32059238
 -4.32059238 -4.32059238]
[-4.40059238 -4.40059238 -4.40059238 -4.40059238 -4.40059238 -4.40059238
 -4.40059238 -4.40059238 -4.40059238 -4.40059238 -4.40059238 -4.40059238
 -4.40059238 -4.40059238 -4.40059238 -4.40059238 -4.40059238 -4.40059238
 -4.40059238 -4.40059238 -4.40059238 -4.40059238 -4.40059238 -4.40059238
 -4.40059238 -4.40059238 -4.40059238 -4.40059238 -4.40059238 -4.40059238
 -4.40059238 -4.40059238 -4.40059238 -4.40059238 -4.40059238 -4.40059238
 -4.40059238 -4.40059238 -4.40059238 -4.40059238 -4.40059238 -4.40059238
 -4.40059238 -4.40059238 -4.40059238 -4.40059238 -4.40059238 -4.40059238
 -4.40059238 -4.40059238 -4.40059238 -4.40059238 -4.40059238 -4.40059238
 -4.40059238 -4.40059238 -4.40059238 -4.40059238 -4.40059238 -4.40059238
 -4.40059238 -4.40059238 -4.40059238 -4.40059238 -4.40059238 -4.40059238
 -4.40059238 -4.40059238 -4.40059238 -4.40059238 -4.40059238 -4.40059238
 -4.40059238 -4.40059238 -4.40059238 -4.40059238 -4.40059238 -4.40059238
 -4.40059238 -4.40059238 -4.40059238 -4.40059238 -4.40059238 -4.40059238
 -4.40059238 -4.40059238 -4.40059238 -4.40059238 -4.40059238 -4.40059238
 -4.40059238 -4.40059238 -4.40059238 -4.40059238 -4.40059238 -4.40059238
 -4.40059238 -4.40059238 -4.40059238 -4.40059238 -4.40059238 -4.40059238
 -4.40059238 -4.40059238 -4.40059238 -4.40059238 -4.40059238 -4.40059238
 -4.40059238 -4.40059238 -4.40059238 -4.40059238 -4.40059238 -4.40059238
 -4.40059238 -4.40059238 -4.40059238 -4.40059238 -4.40059238 -4.40059238
 -4.40059238 -4.40059238 -4.40059238 -4.40059238 -4.40059238 -4.40059238
 -4.40059238 -4.40059238 -4.40059238 -4.40059238 -4.40059238 -4.40059238
 -4.40059238 -4.40059238 -4.40059238 -4.40059238 -4.40059238 -4.40059238
 -4.40059238 -4.40059238 -4.40059238 -4.40059238 -4.40059238 -4.40059238
 -4.40059238 -4.40059238 -4.40059238 -4.40059238 -4.40059238 -4.40059238
 -4.40059238 -4.40059238 -4.40059238 -4.40059238 -4.40059238 -4.40059238
 -4.40059238 -4.40059238 -4.40059238 -4.40059238 -4.40059238 -4.40059238
 -4.40059238 -4.40059238 -4.40059238 -4.40059238 -4.40059238 -4.40059238
 -4.40059238 -4.40059238 -4.40059238 -4.40059238 -4.40059238 -4.40059238
 -4.40059238 -4.40059238 -4.40059238 -4.40059238 -4.40059238 -4.40059238
 -4.40059238 -4.40059238 -4.40059238 -4.40059238 -4.40059238 -4.40059238
 -4.40059238 -4.40059238 -4.40059238 -4.40059238 -4.40059238 -4.40059238
 -4.40059238 -4.40059238 -4.40059238 -4.40059238 -4.40059238 -4.40059238
 -4.40059238 -4.40059238]
[-4.46964598 -4.46964598 -4.46964598 -4.46964598 -4.46964598 -4.46964598
 -4.46964598 -4.46964598 -4.46964598 -4.46964598 -4.46964598 -4.46964598
 -4.46964598 -4.46964598 -4.46964598 -4.46964598 -4.46964598 -4.46964598
 -4.46964598 -4.46964598 -4.46964598 -4.46964598 -4.46964598 -4.46964598
 -4.46964598 -4.46964598 -4.46964598 -4.46964598 -4.46964598 -4.46964598
 -4.46964598 -4.46964598 -4.46964598 -4.46964598 -4.46964598 -4.46964598
 -4.46964598 -4.46964598 -4.46964598 -4.46964598 -4.46964598 -4.46964598
 -4.46964598 -4.46964598 -4.46964598 -4.46964598 -4.46964598 -4.46964598
 -4.46964598 -4.46964598 -4.46964598 -4.46964598 -4.46964598 -4.46964598
 -4.46964598 -4.46964598 -4.46964598 -4.46964598 -4.46964598 -4.46964598
 -4.46964598 -4.46964598 -4.46964598 -4.46964598 -4.46964598 -4.46964598
 -4.46964598 -4.46964598 -4.46964598 -4.46964598 -4.46964598 -4.46964598
 -4.46964598 -4.46964598 -4.46964598 -4.46964598 -4.46964598 -4.46964598
 -4.46964598 -4.46964598 -4.46964598 -4.46964598 -4.46964598 -4.46964598
 -4.46964598 -4.46964598 -4.46964598 -4.46964598 -4.46964598 -4.46964598
 -4.46964598 -4.46964598 -4.46964598 -4.46964598 -4.46964598 -4.46964598
 -4.46964598 -4.46964598 -4.46964598 -4.46964598 -4.46964598 -4.46964598
 -4.46964598 -4.46964598 -4.46964598 -4.46964598 -4.46964598 -4.46964598
 -4.46964598 -4.46964598 -4.46964598 -4.46964598 -4.46964598 -4.46964598
 -4.46964598 -4.46964598 -4.46964598 -4.46964598 -4.46964598 -4.46964598
 -4.46964598 -4.46964598 -4.46964598 -4.46964598 -4.46964598 -4.46964598
 -4.46964598 -4.46964598 -4.46964598 -4.46964598 -4.46964598 -4.46964598
 -4.46964598 -4.46964598 -4.46964598 -4.46964598 -4.46964598 -4.46964598
 -4.46964598 -4.46964598 -4.46964598 -4.46964598 -4.46964598 -4.46964598
 -4.46964598 -4.46964598 -4.46964598 -4.46964598 -4.46964598 -4.46964598
 -4.46964598 -4.46964598 -4.46964598 -4.46964598 -4.46964598 -4.46964598
 -4.46964598 -4.46964598 -4.46964598 -4.46964598 -4.46964598 -4.46964598
 -4.46964598 -4.46964598 -4.46964598 -4.46964598 -4.46964598 -4.46964598
 -4.46964598 -4.46964598 -4.46964598 -4.46964598 -4.46964598 -4.46964598
 -4.46964598 -4.46964598 -4.46964598 -4.46964598 -4.46964598 -4.46964598
 -4.46964598 -4.46964598 -4.46964598 -4.46964598 -4.46964598 -4.46964598
 -4.46964598 -4.46964598 -4.46964598 -4.46964598 -4.46964598 -4.46964598
 -4.46964598 -4.46964598 -4.46964598 -4.46964598 -4.46964598 -4.46964598
 -4.46964598 -4.46964598]
[-4.53437811 -4.53437811 -4.53437811 -4.53437811 -4.53437811 -4.53437811
 -4.53437811 -4.53437811 -4.53437811 -4.53437811 -4.53437811 -4.53437811
 -4.53437811 -4.53437811 -4.53437811 -4.53437811 -4.53437811 -4.53437811
 -4.53437811 -4.53437811 -4.53437811 -4.53437811 -4.53437811 -4.53437811
 -4.53437811 -4.53437811 -4.53437811 -4.53437811 -4.53437811 -4.53437811
 -4.53437811 -4.53437811 -4.53437811 -4.53437811 -4.53437811 -4.53437811
 -4.53437811 -4.53437811 -4.53437811 -4.53437811 -4.53437811 -4.53437811
 -4.53437811 -4.53437811 -4.53437811 -4.53437811 -4.53437811 -4.53437811
 -4.53437811 -4.53437811 -4.53437811 -4.53437811 -4.53437811 -4.53437811
 -4.53437811 -4.53437811 -4.53437811 -4.53437811 -4.53437811 -4.53437811
 -4.53437811 -4.53437811 -4.53437811 -4.53437811 -4.53437811 -4.53437811
 -4.53437811 -4.53437811 -4.53437811 -4.53437811 -4.53437811 -4.53437811
 -4.53437811 -4.53437811 -4.53437811 -4.53437811 -4.53437811 -4.53437811
 -4.53437811 -4.53437811 -4.53437811 -4.53437811 -4.53437811 -4.53437811
 -4.53437811 -4.53437811 -4.53437811 -4.53437811 -4.53437811 -4.53437811
 -4.53437811 -4.53437811 -4.53437811 -4.53437811 -4.53437811 -4.53437811
 -4.53437811 -4.53437811 -4.53437811 -4.53437811 -4.53437811 -4.53437811
 -4.53437811 -4.53437811 -4.53437811 -4.53437811 -4.53437811 -4.53437811
 -4.53437811 -4.53437811 -4.53437811 -4.53437811 -4.53437811 -4.53437811
 -4.53437811 -4.53437811 -4.53437811 -4.53437811 -4.53437811 -4.53437811
 -4.53437811 -4.53437811 -4.53437811 -4.53437811 -4.53437811 -4.53437811
 -4.53437811 -4.53437811 -4.53437811 -4.53437811 -4.53437811 -4.53437811
 -4.53437811 -4.53437811 -4.53437811 -4.53437811 -4.53437811 -4.53437811
 -4.53437811 -4.53437811 -4.53437811 -4.53437811 -4.53437811 -4.53437811
 -4.53437811 -4.53437811 -4.53437811 -4.53437811 -4.53437811 -4.53437811
 -4.53437811 -4.53437811 -4.53437811 -4.53437811 -4.53437811 -4.53437811
 -4.53437811 -4.53437811 -4.53437811 -4.53437811 -4.53437811 -4.53437811
 -4.53437811 -4.53437811 -4.53437811 -4.53437811 -4.53437811 -4.53437811
 -4.53437811 -4.53437811 -4.53437811 -4.53437811 -4.53437811 -4.53437811
 -4.53437811 -4.53437811 -4.53437811 -4.53437811 -4.53437811 -4.53437811
 -4.53437811 -4.53437811 -4.53437811 -4.53437811 -4.53437811 -4.53437811
 -4.53437811 -4.53437811 -4.53437811 -4.53437811 -4.53437811 -4.53437811
 -4.53437811 -4.53437811 -4.53437811 -4.53437811 -4.53437811 -4.53437811
 -4.53437811 -4.53437811]
[-4.59660648 -4.59660648 -4.59660648 -4.59660648 -4.59660648 -4.59660648
 -4.59660648 -4.59660648 -4.59660648 -4.59660648 -4.59660648 -4.59660648
 -4.59660648 -4.59660648 -4.59660648 -4.59660648 -4.59660648 -4.59660648
 -4.59660648 -4.59660648 -4.59660648 -4.59660648 -4.59660648 -4.59660648
 -4.59660648 -4.59660648 -4.59660648 -4.59660648 -4.59660648 -4.59660648
 -4.59660648 -4.59660648 -4.59660648 -4.59660648 -4.59660648 -4.59660648
 -4.59660648 -4.59660648 -4.59660648 -4.59660648 -4.59660648 -4.59660648
 -4.59660648 -4.59660648 -4.59660648 -4.59660648 -4.59660648 -4.59660648
 -4.59660648 -4.59660648 -4.59660648 -4.59660648 -4.59660648 -4.59660648
 -4.59660648 -4.59660648 -4.59660648 -4.59660648 -4.59660648 -4.59660648
 -4.59660648 -4.59660648 -4.59660648 -4.59660648 -4.59660648 -4.59660648
 -4.59660648 -4.59660648 -4.59660648 -4.59660648 -4.59660648 -4.59660648
 -4.59660648 -4.59660648 -4.59660648 -4.59660648 -4.59660648 -4.59660648
 -4.59660648 -4.59660648 -4.59660648 -4.59660648 -4.59660648 -4.59660648
 -4.59660648 -4.59660648 -4.59660648 -4.59660648 -4.59660648 -4.59660648
 -4.59660648 -4.59660648 -4.59660648 -4.59660648 -4.59660648 -4.59660648
 -4.59660648 -4.59660648 -4.59660648 -4.59660648 -4.59660648 -4.59660648
 -4.59660648 -4.59660648 -4.59660648 -4.59660648 -4.59660648 -4.59660648
 -4.59660648 -4.59660648 -4.59660648 -4.59660648 -4.59660648 -4.59660648
 -4.59660648 -4.59660648 -4.59660648 -4.59660648 -4.59660648 -4.59660648
 -4.59660648 -4.59660648 -4.59660648 -4.59660648 -4.59660648 -4.59660648
 -4.59660648 -4.59660648 -4.59660648 -4.59660648 -4.59660648 -4.59660648
 -4.59660648 -4.59660648 -4.59660648 -4.59660648 -4.59660648 -4.59660648
 -4.59660648 -4.59660648 -4.59660648 -4.59660648 -4.59660648 -4.59660648
 -4.59660648 -4.59660648 -4.59660648 -4.59660648 -4.59660648 -4.59660648
 -4.59660648 -4.59660648 -4.59660648 -4.59660648 -4.59660648 -4.59660648
 -4.59660648 -4.59660648 -4.59660648 -4.59660648 -4.59660648 -4.59660648
 -4.59660648 -4.59660648 -4.59660648 -4.59660648 -4.59660648 -4.59660648
 -4.59660648 -4.59660648 -4.59660648 -4.59660648 -4.59660648 -4.59660648
 -4.59660648 -4.59660648 -4.59660648 -4.59660648 -4.59660648 -4.59660648
 -4.59660648 -4.59660648 -4.59660648 -4.59660648 -4.59660648 -4.59660648
 -4.59660648 -4.59660648 -4.59660648 -4.59660648 -4.59660648 -4.59660648
 -4.59660648 -4.59660648 -4.59660648 -4.59660648 -4.59660648 -4.59660648
 -4.59660648 -4.59660648]
[-4.32059238 -4.32059238 -4.32059238 -4.32059238 -4.32059238 -4.32059238
 -4.32059238 -4.32059238 -4.32059238 -4.32059238 -4.32059238 -4.32059238
 -4.32059238 -4.32059238 -4.32059238 -4.32059238 -4.32059238 -4.32059238
 -4.32059238 -4.32059238 -4.32059238 -4.32059238 -4.32059238 -4.32059238
 -4.32059238 -4.32059238 -4.32059238 -4.32059238 -4.32059238 -4.32059238
 -4.32059238 -4.32059238 -4.32059238 -4.32059238 -4.32059238 -4.32059238
 -4.32059238 -4.32059238 -4.32059238 -4.32059238 -4.32059238 -4.32059238
 -4.32059238 -4.32059238 -4.32059238 -4.32059238 -4.32059238 -4.32059238
 -4.32059238 -4.32059238 -4.32059238 -4.32059238 -4.32059238 -4.32059238
 -4.32059238 -4.32059238 -4.32059238 -4.32059238 -4.32059238 -4.32059238
 -4.32059238 -4.32059238 -4.32059238 -4.32059238 -4.32059238 -4.32059238
 -4.32059238 -4.32059238 -4.32059238 -4.32059238 -4.32059238 -4.32059238
 -4.32059238 -4.32059238 -4.32059238 -4.32059238 -4.32059238 -4.32059238
 -4.32059238 -4.32059238 -4.32059238 -4.32059238 -4.32059238 -4.32059238
 -4.32059238 -4.32059238 -4.32059238 -4.32059238 -4.32059238 -4.32059238
 -4.32059238 -4.32059238 -4.32059238 -4.32059238 -4.32059238 -4.32059238
 -4.32059238 -4.32059238 -4.32059238 -4.32059238 -4.32059238 -4.32059238
 -4.32059238 -4.32059238 -4.32059238 -4.32059238 -4.32059238 -4.32059238
 -4.32059238 -4.32059238 -4.32059238 -4.32059238 -4.32059238 -4.32059238
 -4.32059238 -4.32059238 -4.32059238 -4.32059238 -4.32059238 -4.32059238
 -4.32059238 -4.32059238 -4.32059238 -4.32059238 -4.32059238 -4.32059238
 -4.32059238 -4.32059238 -4.32059238 -4.32059238 -4.32059238 -4.32059238
 -4.32059238 -4.32059238 -4.32059238 -4.32059238 -4.32059238 -4.32059238
 -4.32059238 -4.32059238 -4.32059238 -4.32059238 -4.32059238 -4.32059238
 -4.32059238 -4.32059238 -4.32059238 -4.32059238 -4.32059238 -4.32059238
 -4.32059238 -4.32059238 -4.32059238 -4.32059238 -4.32059238 -4.32059238
 -4.32059238 -4.32059238 -4.32059238 -4.32059238 -4.32059238 -4.32059238
 -4.32059238 -4.32059238 -4.32059238 -4.32059238 -4.32059238 -4.32059238
 -4.32059238 -4.32059238 -4.32059238 -4.32059238 -4.32059238 -4.32059238
 -4.32059238 -4.32059238 -4.32059238 -4.32059238 -4.32059238 -4.32059238
 -4.32059238 -4.32059238 -4.32059238 -4.32059238 -4.32059238 -4.32059238
 -4.32059238 -4.32059238 -4.32059238 -4.32059238 -4.32059238 -4.32059238
 -4.32059238 -4.32059238 -4.32059238 -4.32059238 -4.32059238 -4.32059238
 -4.32059238 -4.32059238]
[-4.40059238 -4.40059238 -4.40059238 -4.40059238 -4.40059238 -4.40059238
 -4.40059238 -4.40059238 -4.40059238 -4.40059238 -4.40059238 -4.40059238
 -4.40059238 -4.40059238 -4.40059238 -4.40059238 -4.40059238 -4.40059238
 -4.40059238 -4.40059238 -4.40059238 -4.40059238 -4.40059238 -4.40059238
 -4.40059238 -4.40059238 -4.40059238 -4.40059238 -4.40059238 -4.40059238
 -4.40059238 -4.40059238 -4.40059238 -4.40059238 -4.40059238 -4.40059238
 -4.40059238 -4.40059238 -4.40059238 -4.40059238 -4.40059238 -4.40059238
 -4.40059238 -4.40059238 -4.40059238 -4.40059238 -4.40059238 -4.40059238
 -4.40059238 -4.40059238 -4.40059238 -4.40059238 -4.40059238 -4.40059238
 -4.40059238 -4.40059238 -4.40059238 -4.40059238 -4.40059238 -4.40059238
 -4.40059238 -4.40059238 -4.40059238 -4.40059238 -4.40059238 -4.40059238
 -4.40059238 -4.40059238 -4.40059238 -4.40059238 -4.40059238 -4.40059238
 -4.40059238 -4.40059238 -4.40059238 -4.40059238 -4.40059238 -4.40059238
 -4.40059238 -4.40059238 -4.40059238 -4.40059238 -4.40059238 -4.40059238
 -4.40059238 -4.40059238 -4.40059238 -4.40059238 -4.40059238 -4.40059238
 -4.40059238 -4.40059238 -4.40059238 -4.40059238 -4.40059238 -4.40059238
 -4.40059238 -4.40059238 -4.40059238 -4.40059238 -4.40059238 -4.40059238
 -4.40059238 -4.40059238 -4.40059238 -4.40059238 -4.40059238 -4.40059238
 -4.40059238 -4.40059238 -4.40059238 -4.40059238 -4.40059238 -4.40059238
 -4.40059238 -4.40059238 -4.40059238 -4.40059238 -4.40059238 -4.40059238
 -4.40059238 -4.40059238 -4.40059238 -4.40059238 -4.40059238 -4.40059238
 -4.40059238 -4.40059238 -4.40059238 -4.40059238 -4.40059238 -4.40059238
 -4.40059238 -4.40059238 -4.40059238 -4.40059238 -4.40059238 -4.40059238
 -4.40059238 -4.40059238 -4.40059238 -4.40059238 -4.40059238 -4.40059238
 -4.40059238 -4.40059238 -4.40059238 -4.40059238 -4.40059238 -4.40059238
 -4.40059238 -4.40059238 -4.40059238 -4.40059238 -4.40059238 -4.40059238
 -4.40059238 -4.40059238 -4.40059238 -4.40059238 -4.40059238 -4.40059238
 -4.40059238 -4.40059238 -4.40059238 -4.40059238 -4.40059238 -4.40059238
 -4.40059238 -4.40059238 -4.40059238 -4.40059238 -4.40059238 -4.40059238
 -4.40059238 -4.40059238 -4.40059238 -4.40059238 -4.40059238 -4.40059238
 -4.40059238 -4.40059238 -4.40059238 -4.40059238 -4.40059238 -4.40059238
 -4.40059238 -4.40059238 -4.40059238 -4.40059238 -4.40059238 -4.40059238
 -4.40059238 -4.40059238 -4.40059238 -4.40059238 -4.40059238 -4.40059238
 -4.40059238 -4.40059238]
[-4.46964598 -4.46964598 -4.46964598 -4.46964598 -4.46964598 -4.46964598
 -4.46964598 -4.46964598 -4.46964598 -4.46964598 -4.46964598 -4.46964598
 -4.46964598 -4.46964598 -4.46964598 -4.46964598 -4.46964598 -4.46964598
 -4.46964598 -4.46964598 -4.46964598 -4.46964598 -4.46964598 -4.46964598
 -4.46964598 -4.46964598 -4.46964598 -4.46964598 -4.46964598 -4.46964598
 -4.46964598 -4.46964598 -4.46964598 -4.46964598 -4.46964598 -4.46964598
 -4.46964598 -4.46964598 -4.46964598 -4.46964598 -4.46964598 -4.46964598
 -4.46964598 -4.46964598 -4.46964598 -4.46964598 -4.46964598 -4.46964598
 -4.46964598 -4.46964598 -4.46964598 -4.46964598 -4.46964598 -4.46964598
 -4.46964598 -4.46964598 -4.46964598 -4.46964598 -4.46964598 -4.46964598
 -4.46964598 -4.46964598 -4.46964598 -4.46964598 -4.46964598 -4.46964598
 -4.46964598 -4.46964598 -4.46964598 -4.46964598 -4.46964598 -4.46964598
 -4.46964598 -4.46964598 -4.46964598 -4.46964598 -4.46964598 -4.46964598
 -4.46964598 -4.46964598 -4.46964598 -4.46964598 -4.46964598 -4.46964598
 -4.46964598 -4.46964598 -4.46964598 -4.46964598 -4.46964598 -4.46964598
 -4.46964598 -4.46964598 -4.46964598 -4.46964598 -4.46964598 -4.46964598
 -4.46964598 -4.46964598 -4.46964598 -4.46964598 -4.46964598 -4.46964598
 -4.46964598 -4.46964598 -4.46964598 -4.46964598 -4.46964598 -4.46964598
 -4.46964598 -4.46964598 -4.46964598 -4.46964598 -4.46964598 -4.46964598
 -4.46964598 -4.46964598 -4.46964598 -4.46964598 -4.46964598 -4.46964598
 -4.46964598 -4.46964598 -4.46964598 -4.46964598 -4.46964598 -4.46964598
 -4.46964598 -4.46964598 -4.46964598 -4.46964598 -4.46964598 -4.46964598
 -4.46964598 -4.46964598 -4.46964598 -4.46964598 -4.46964598 -4.46964598
 -4.46964598 -4.46964598 -4.46964598 -4.46964598 -4.46964598 -4.46964598
 -4.46964598 -4.46964598 -4.46964598 -4.46964598 -4.46964598 -4.46964598
 -4.46964598 -4.46964598 -4.46964598 -4.46964598 -4.46964598 -4.46964598
 -4.46964598 -4.46964598 -4.46964598 -4.46964598 -4.46964598 -4.46964598
 -4.46964598 -4.46964598 -4.46964598 -4.46964598 -4.46964598 -4.46964598
 -4.46964598 -4.46964598 -4.46964598 -4.46964598 -4.46964598 -4.46964598
 -4.46964598 -4.46964598 -4.46964598 -4.46964598 -4.46964598 -4.46964598
 -4.46964598 -4.46964598 -4.46964598 -4.46964598 -4.46964598 -4.46964598
 -4.46964598 -4.46964598 -4.46964598 -4.46964598 -4.46964598 -4.46964598
 -4.46964598 -4.46964598 -4.46964598 -4.46964598 -4.46964598 -4.46964598
 -4.46964598 -4.46964598]
[-4.53437811 -4.53437811 -4.53437811 -4.53437811 -4.53437811 -4.53437811
 -4.53437811 -4.53437811 -4.53437811 -4.53437811 -4.53437811 -4.53437811
 -4.53437811 -4.53437811 -4.53437811 -4.53437811 -4.53437811 -4.53437811
 -4.53437811 -4.53437811 -4.53437811 -4.53437811 -4.53437811 -4.53437811
 -4.53437811 -4.53437811 -4.53437811 -4.53437811 -4.53437811 -4.53437811
 -4.53437811 -4.53437811 -4.53437811 -4.53437811 -4.53437811 -4.53437811
 -4.53437811 -4.53437811 -4.53437811 -4.53437811 -4.53437811 -4.53437811
 -4.53437811 -4.53437811 -4.53437811 -4.53437811 -4.53437811 -4.53437811
 -4.53437811 -4.53437811 -4.53437811 -4.53437811 -4.53437811 -4.53437811
 -4.53437811 -4.53437811 -4.53437811 -4.53437811 -4.53437811 -4.53437811
 -4.53437811 -4.53437811 -4.53437811 -4.53437811 -4.53437811 -4.53437811
 -4.53437811 -4.53437811 -4.53437811 -4.53437811 -4.53437811 -4.53437811
 -4.53437811 -4.53437811 -4.53437811 -4.53437811 -4.53437811 -4.53437811
 -4.53437811 -4.53437811 -4.53437811 -4.53437811 -4.53437811 -4.53437811
 -4.53437811 -4.53437811 -4.53437811 -4.53437811 -4.53437811 -4.53437811
 -4.53437811 -4.53437811 -4.53437811 -4.53437811 -4.53437811 -4.53437811
 -4.53437811 -4.53437811 -4.53437811 -4.53437811 -4.53437811 -4.53437811
 -4.53437811 -4.53437811 -4.53437811 -4.53437811 -4.53437811 -4.53437811
 -4.53437811 -4.53437811 -4.53437811 -4.53437811 -4.53437811 -4.53437811
 -4.53437811 -4.53437811 -4.53437811 -4.53437811 -4.53437811 -4.53437811
 -4.53437811 -4.53437811 -4.53437811 -4.53437811 -4.53437811 -4.53437811
 -4.53437811 -4.53437811 -4.53437811 -4.53437811 -4.53437811 -4.53437811
 -4.53437811 -4.53437811 -4.53437811 -4.53437811 -4.53437811 -4.53437811
 -4.53437811 -4.53437811 -4.53437811 -4.53437811 -4.53437811 -4.53437811
 -4.53437811 -4.53437811 -4.53437811 -4.53437811 -4.53437811 -4.53437811
 -4.53437811 -4.53437811 -4.53437811 -4.53437811 -4.53437811 -4.53437811
 -4.53437811 -4.53437811 -4.53437811 -4.53437811 -4.53437811 -4.53437811
 -4.53437811 -4.53437811 -4.53437811 -4.53437811 -4.53437811 -4.53437811
 -4.53437811 -4.53437811 -4.53437811 -4.53437811 -4.53437811 -4.53437811
 -4.53437811 -4.53437811 -4.53437811 -4.53437811 -4.53437811 -4.53437811
 -4.53437811 -4.53437811 -4.53437811 -4.53437811 -4.53437811 -4.53437811
 -4.53437811 -4.53437811 -4.53437811 -4.53437811 -4.53437811 -4.53437811
 -4.53437811 -4.53437811 -4.53437811 -4.53437811 -4.53437811 -4.53437811
 -4.53437811 -4.53437811]
[-4.59660648 -4.59660648 -4.59660648 -4.59660648 -4.59660648 -4.59660648
 -4.59660648 -4.59660648 -4.59660648 -4.59660648 -4.59660648 -4.59660648
 -4.59660648 -4.59660648 -4.59660648 -4.59660648 -4.59660648 -4.59660648
 -4.59660648 -4.59660648 -4.59660648 -4.59660648 -4.59660648 -4.59660648
 -4.59660648 -4.59660648 -4.59660648 -4.59660648 -4.59660648 -4.59660648
 -4.59660648 -4.59660648 -4.59660648 -4.59660648 -4.59660648 -4.59660648
 -4.59660648 -4.59660648 -4.59660648 -4.59660648 -4.59660648 -4.59660648
 -4.59660648 -4.59660648 -4.59660648 -4.59660648 -4.59660648 -4.59660648
 -4.59660648 -4.59660648 -4.59660648 -4.59660648 -4.59660648 -4.59660648
 -4.59660648 -4.59660648 -4.59660648 -4.59660648 -4.59660648 -4.59660648
 -4.59660648 -4.59660648 -4.59660648 -4.59660648 -4.59660648 -4.59660648
 -4.59660648 -4.59660648 -4.59660648 -4.59660648 -4.59660648 -4.59660648
 -4.59660648 -4.59660648 -4.59660648 -4.59660648 -4.59660648 -4.59660648
 -4.59660648 -4.59660648 -4.59660648 -4.59660648 -4.59660648 -4.59660648
 -4.59660648 -4.59660648 -4.59660648 -4.59660648 -4.59660648 -4.59660648
 -4.59660648 -4.59660648 -4.59660648 -4.59660648 -4.59660648 -4.59660648
 -4.59660648 -4.59660648 -4.59660648 -4.59660648 -4.59660648 -4.59660648
 -4.59660648 -4.59660648 -4.59660648 -4.59660648 -4.59660648 -4.59660648
 -4.59660648 -4.59660648 -4.59660648 -4.59660648 -4.59660648 -4.59660648
 -4.59660648 -4.59660648 -4.59660648 -4.59660648 -4.59660648 -4.59660648
 -4.59660648 -4.59660648 -4.59660648 -4.59660648 -4.59660648 -4.59660648
 -4.59660648 -4.59660648 -4.59660648 -4.59660648 -4.59660648 -4.59660648
 -4.59660648 -4.59660648 -4.59660648 -4.59660648 -4.59660648 -4.59660648
 -4.59660648 -4.59660648 -4.59660648 -4.59660648 -4.59660648 -4.59660648
 -4.59660648 -4.59660648 -4.59660648 -4.59660648 -4.59660648 -4.59660648
 -4.59660648 -4.59660648 -4.59660648 -4.59660648 -4.59660648 -4.59660648
 -4.59660648 -4.59660648 -4.59660648 -4.59660648 -4.59660648 -4.59660648
 -4.59660648 -4.59660648 -4.59660648 -4.59660648 -4.59660648 -4.59660648
 -4.59660648 -4.59660648 -4.59660648 -4.59660648 -4.59660648 -4.59660648
 -4.59660648 -4.59660648 -4.59660648 -4.59660648 -4.59660648 -4.59660648
 -4.59660648 -4.59660648 -4.59660648 -4.59660648 -4.59660648 -4.59660648
 -4.59660648 -4.59660648 -4.59660648 -4.59660648 -4.59660648 -4.59660648
 -4.59660648 -4.59660648 -4.59660648 -4.59660648 -4.59660648 -4.59660648
 -4.59660648 -4.59660648]
