[-0.31144541 -2.24519804 -0.21479242  0.8868639 ]
[-0.31144541 -2.24519804 -0.21479242  0.8868639 ]
[-0.6416905  -1.96654917 -1.42391969  2.16834047]
[-0.6416905  -1.96654917 -1.42391969  2.16834047]
[-1.85081777 -0.68507259 -0.91490502  1.16109258]
[-0.5693412  -0.17605792 -1.92215291  0.83484143]
[-0.06032652 -1.18330581 -2.24840406 -0.71803966]
[-0.06032652 -1.18330581 -2.24840406 -0.71803966]
[-0.06032652 -1.18330581 -2.24840406 -0.71803966]
[-1.61320761 -0.32214843 -0.8766379  -1.34775195]
[-0.75205023  1.04961774 -1.50635019 -1.54298133]
[ 0.61971594  0.41990545 -1.70157957 -2.42187044]
[ 0.61971594  0.41990545 -1.70157957 -2.42187044]
[ 0.61971594  0.41990545 -1.70157957 -2.42187044]
[-0.25917317 -0.4061368  -2.44869772 -1.96899377]
[-0.25917317 -0.4061368  -2.44869772 -1.96899377]
[-1.00629132  0.04673987 -2.11880799  0.57898975]
[-0.55341465  0.37662959  0.42917553  1.33170769]
[-0.55341465  0.37662959  0.42917553  1.33170769]
[-0.55341465  0.37662959  0.42917553  1.33170769]
[ 0.19930329 -0.21782607  0.45641594  1.80551631]
[-0.39515237 -0.19058566  0.93022455  0.88745419]
[-0.39515237 -0.19058566  0.93022455  0.88745419]
[-0.39515237 -0.19058566  0.93022455  0.88745419]
[-0.39515237 -0.19058566  0.93022455  0.88745419]
[ 0.2242387  -0.24318859  1.62738863  1.01443455]
[0.17163576 0.45397548 1.75436899 0.91822779]
[ 0.86879984  0.58095584  1.65816222 -0.32734472]
[0.9957802  0.48474908 0.41258972 0.20324257]
[ 0.89957343 -0.76082343  0.94317701 -1.85366031]
[-0.34599908 -0.23023614 -1.11372588 -2.58822952]
[-0.34599908 -0.23023614 -1.11372588 -2.58822952]
[-0.34599908 -0.23023614 -1.11372588 -2.58822952]
[-1.08056829  0.2873451   0.20454363 -1.59435089]
[-1.08056829  0.2873451   0.20454363 -1.59435089]
[-1.08056829  0.2873451   0.20454363 -1.59435089]
[-0.08668965  0.66149723 -0.67648035 -1.61148468]
[-0.08668965  0.66149723 -0.67648035 -1.61148468]
[-0.08668965  0.66149723 -0.67648035 -1.61148468]
[-0.10382344 -0.21124355  0.04567922 -1.09922518]
[-0.10382344 -0.21124355  0.04567922 -1.09922518]
[ 0.61833613  0.30101595 -0.64801415 -1.30331862]
[ 1.13059562 -0.39267742 -0.85210759  0.59209261]
[ 0.43690225 -0.59677086  1.04330364  1.42162035]
[ 0.43690225 -0.59677086  1.04330364  1.42162035]
[ 0.43690225 -0.59677086  1.04330364  1.42162035]
[ 0.43690225 -0.59677086  1.04330364  1.42162035]
[ 0.43690225 -0.59677086  1.04330364  1.42162035]
[ 0.43690225 -0.59677086  1.04330364  1.42162035]
[ 0.43690225 -0.59677086  1.04330364  1.42162035]
[ 0.43690225 -0.59677086  1.04330364  1.42162035]
[ 0.43690225 -0.59677086  1.04330364  1.42162035]
[ 0.43690225 -0.59677086  1.04330364  1.42162035]
[ 0.86619104 -0.55049963  3.1246222   1.25349452]
[ 0.86619104 -0.55049963  3.1246222   1.25349452]
[ 0.86619104 -0.55049963  3.1246222   1.25349452]
[ 0.69806521 -0.71558931  1.61417094  0.91574626]
[ 0.69806521 -0.71558931  1.61417094  0.91574626]
[ 0.69806521 -0.71558931  1.61417094  0.91574626]
[-0.81238606 -1.05333757  2.17094248  1.58680331]
[-0.81238606 -1.05333757  2.17094248  1.58680331]
[-0.81238606 -1.05333757  2.17094248  1.58680331]
[-0.14132901  1.48367838  1.33048549  1.07662837]
[-0.14132901  1.48367838  1.33048549  1.07662837]
[-0.981786    0.97350344  0.38029275  0.8257597 ]
[-1.49196094  0.02331069  0.12942408 -0.12966208]
[-1.49196094  0.02331069  0.12942408 -0.12966208]
[-1.49196094  0.02331069  0.12942408 -0.12966208]
[-1.49196094  0.02331069  0.12942408 -0.12966208]
[-1.49196094  0.02331069  0.12942408 -0.12966208]
[-1.49196094  0.02331069  0.12942408 -0.12966208]
[-1.49196094  0.02331069  0.12942408 -0.12966208]
[-1.49196094  0.02331069  0.12942408 -0.12966208]
[-1.49196094  0.02331069  0.12942408 -0.12966208]
[-1.49196094  0.02331069  0.12942408 -0.12966208]
[-1.49196094  0.02331069  0.12942408 -0.12966208]
[ 0.7306742   0.471331    0.98629579 -0.35999216]
[ 1.1786945   1.3282027   0.75596571 -0.34685558]
[ 1.1786945   1.3282027   0.75596571 -0.34685558]
[ 1.1786945   1.3282027   0.75596571 -0.34685558]
[ 1.1786945   1.3282027   0.75596571 -0.34685558]
[2.62940604 0.48780654 0.62453017 0.42106984]
[1.78900988 0.356371   1.39245559 0.1576916 ]
[1.78900988 0.356371   1.39245559 0.1576916 ]
[1.78900988 0.356371   1.39245559 0.1576916 ]
[1.52563164 0.36408601 0.50497706 0.76092768]
[ 1.53334665 -0.52339253  1.10821313  1.76979484]
[0.64586811 0.07984355 2.11708029 3.18949151]
[0.64586811 0.07984355 2.11708029 3.18949151]
[0.64586811 0.07984355 2.11708029 3.18949151]
[0.64586811 0.07984355 2.11708029 3.18949151]
[0.64586811 0.07984355 2.11708029 3.18949151]
[0.64586811 0.07984355 2.11708029 3.18949151]
[0.64586811 0.07984355 2.11708029 3.18949151]
[0.64586811 0.07984355 2.11708029 3.18949151]
[0.64586811 0.07984355 2.11708029 3.18949151]
[ 1.97956233 -0.22945817  2.71428447  2.03524137]
[1.67026061 0.36774601 1.56003433 0.28825571]
[1.67026061 0.36774601 1.56003433 0.28825571]
[ 0.51601047 -1.37923965  1.10916574  0.88516367]
[ 0.51601047 -1.37923965  1.10916574  0.88516367]
[ 0.06514188 -0.78233168 -0.87605541  0.56801062]
[ 0.06514188 -0.78233168 -0.87605541  0.56801062]
[ 0.06514188 -0.78233168 -0.87605541  0.56801062]
[ 0.06514188 -0.78233168 -0.87605541  0.56801062]
[-0.11617593 -0.97105804 -2.21531284  0.87775809]
[-0.11617593 -0.97105804 -2.21531284  0.87775809]
[-0.11617593 -0.97105804 -2.21531284  0.87775809]
[-0.11617593 -0.97105804 -2.21531284  0.87775809]
[-0.11617593 -0.97105804 -2.21531284  0.87775809]
[-0.11617593 -0.97105804 -2.21531284  0.87775809]
[-0.60724317 -1.04977361 -1.16729221 -0.74149461]
[-0.60724317 -1.04977361 -1.16729221 -0.74149461]
[-0.60724317 -1.04977361 -1.16729221 -0.74149461]
[-0.60724317 -1.04977361 -1.16729221 -0.74149461]
[-0.06476095  0.23595395 -1.06185805 -1.17693366]
[-0.06476095  0.23595395 -1.06185805 -1.17693366]
[ 0.04067322 -0.19948509 -0.74026374 -0.58424131]
[-0.39476582  0.12210922 -0.1475714  -0.53890331]
[-0.39476582  0.12210922 -0.1475714  -0.53890331]
[-0.39476582  0.12210922 -0.1475714  -0.53890331]
[ 0.19792652  0.16744722 -0.19579392 -1.36854897]
[ 0.24326453  0.1192247  -1.02543958 -1.66549612]
[ 0.195042   -0.71042096 -1.32238673 -1.33336389]
[ 0.195042   -0.71042096 -1.32238673 -1.33336389]
[ 0.195042   -0.71042096 -1.32238673 -1.33336389]
[ 0.195042   -0.71042096 -1.32238673 -1.33336389]
[ 0.195042   -0.71042096 -1.32238673 -1.33336389]
[-0.4000545   0.72904804 -0.82923103 -0.37244488]
[ 1.0394145   1.22220374  0.13168798 -0.09216422]
[ 1.0394145   1.22220374  0.13168798 -0.09216422]
[ 1.0394145   1.22220374  0.13168798 -0.09216422]
[ 1.0394145   1.22220374  0.13168798 -0.09216422]
[-0.52672791  0.07459709  2.28661363  1.59253658]
[-0.52672791  0.07459709  2.28661363  1.59253658]
[-0.52672791  0.07459709  2.28661363  1.59253658]
[-0.52672791  0.07459709  2.28661363  1.59253658]
[-0.52672791  0.07459709  2.28661363  1.59253658]
[-0.52672791  0.07459709  2.28661363  1.59253658]
[-0.52672791  0.07459709  2.28661363  1.59253658]
[-0.52672791  0.07459709  2.28661363  1.59253658]
[-0.52672791  0.07459709  2.28661363  1.59253658]
[-0.55998334 -0.90343508  2.18767578  1.30366728]
[-0.55998334 -0.90343508  2.18767578  1.30366728]
[-0.55998334 -0.90343508  2.18767578  1.30366728]
[-0.55998334 -0.90343508  2.18767578  1.30366728]
[-0.86453972 -0.35289246  1.01243027  2.18264269]
[-0.86453972 -0.35289246  1.01243027  2.18264269]
[-0.86453972 -0.35289246  1.01243027  2.18264269]
[0.01443568 0.10656753 2.25826564 3.42372286]
[0.01443568 0.10656753 2.25826564 3.42372286]
[ 1.26027105  1.34764771 -0.82045319  2.53223312]
[ 1.26027105  1.34764771 -0.82045319  2.53223312]
[-1.81844778  0.45615797  0.52928345  3.61046932]
[-2.70993752  1.8058946   1.60751965  1.6295845 ]
[-1.36020088  2.8841308  -0.37336518  1.61296211]
[-0.28196468  0.90324598 -0.38998756  0.40915422]
[-0.28196468  0.90324598 -0.38998756  0.40915422]
[-0.29858707 -0.30056191  0.37855094  1.36452667]
[-0.29858707 -0.30056191  0.37855094  1.36452667]
[-0.29858707 -0.30056191  0.37855094  1.36452667]
[-0.29858707 -0.30056191  0.37855094  1.36452667]
[-0.29858707 -0.30056191  0.37855094  1.36452667]
[-0.29858707 -0.30056191  0.37855094  1.36452667]
[-0.29858707 -0.30056191  0.37855094  1.36452667]
[-0.72838973  0.66549209  0.78689229  0.4686785 ]
[ 0.23766428  1.07383344 -0.10895588 -0.7050034 ]
[ 0.64600563  0.17798528 -1.28263777  0.29141367]
[-0.24984254 -0.99569662 -0.2862207  -0.64242106]
[-0.24984254 -0.99569662 -0.2862207  -0.64242106]
[ 0.74657453 -1.92953135 -0.25245234 -0.22634214]
[-0.18726021 -1.89576298  0.16362659 -0.43703435]
[-0.15349184 -1.47968406 -0.04706563 -0.94031304]
[-0.15349184 -1.47968406 -0.04706563 -0.94031304]
[-0.11972347 -1.06360514 -0.25775784 -1.44359173]
[-0.11972347 -1.06360514 -0.25775784 -1.44359173]
[-0.11972347 -1.06360514 -0.25775784 -1.44359173]
[-0.62300215 -0.67922722 -1.54648712 -0.20037964]
[-0.62300215 -0.67922722 -1.54648712 -0.20037964]
[-1.91173143  0.56398487 -2.08756302  0.5150736 ]
[-0.66851935  0.02290896 -1.37210978  0.30371772]
[-0.66851935  0.02290896 -1.37210978  0.30371772]
[ 0.0469339  -0.18844693 -1.76946272 -0.0478551 ]
[ 0.0469339  -0.18844693 -1.76946272 -0.0478551 ]
[ 0.0469339  -0.18844693 -1.76946272 -0.0478551 ]
[ 0.0469339  -0.18844693 -1.76946272 -0.0478551 ]
[ 0.0469339  -0.18844693 -1.76946272 -0.0478551 ]
[ 0.09958087 -0.39040962 -0.16661635  0.00600345]
[ 0.09958087 -0.39040962 -0.16661635  0.00600345]
[ 0.09958087 -0.39040962 -0.16661635  0.00600345]
[ 0.09958087 -0.39040962 -0.16661635  0.00600345]
[ 0.09958087 -0.39040962 -0.16661635  0.00600345]
[ 0.09958087 -0.39040962 -0.16661635  0.00600345]
[ 0.09958087 -0.39040962 -0.16661635  0.00600345]
[ 0.09958087 -0.39040962 -0.16661635  0.00600345]
[ 0.09958087 -0.39040962 -0.16661635  0.00600345]
[ 0.09958087 -0.39040962 -0.16661635  0.00600345]
[ 0.19162001  0.13938759  2.21171352 -0.31524726]
[ 0.19162001  0.13938759  2.21171352 -0.31524726]
[ 0.19162001  0.13938759  2.21171352 -0.31524726]
[ 0.19162001  0.13938759  2.21171352 -0.31524726]
[ 0.03262424  1.14182441  1.96211763 -1.50135254]
[ 1.03506107  0.89222853  0.77601236 -1.73385674]
[ 0.78546518 -0.29387674  0.54350815 -0.81613098]
[-0.40064009 -0.52638095  1.46123392  0.05528479]
[-0.63314429  0.39134481  2.33264968 -0.3126939 ]
[-0.63314429  0.39134481  2.33264968 -0.3126939 ]
[0.23827147 0.02336613 2.66742872 0.60500409]
[-0.12970721  0.35814518  3.58512671  0.75629404]
[-0.12970721  0.35814518  3.58512671  0.75629404]
[-0.12970721  0.35814518  3.58512671  0.75629404]
[-0.12970721  0.35814518  3.58512671  0.75629404]
[-0.12970721  0.35814518  3.58512671  0.75629404]
[-0.12970721  0.35814518  3.58512671  0.75629404]
[-0.12970721  0.35814518  3.58512671  0.75629404]
[-0.12970721  0.35814518  3.58512671  0.75629404]
[-0.12970721  0.35814518  3.58512671  0.75629404]
[-0.12970721  0.35814518  3.58512671  0.75629404]
[-0.12970721  0.35814518  3.58512671  0.75629404]
[0.2891644  1.14824997 2.7753776  0.57577525]
[1.07926919 0.33850086 2.59485881 1.13339447]
[ 0.26952008  0.15798207  3.15247802 -0.05578313]
[0.08900129 0.71560128 1.96330043 0.1924848 ]
[ 0.6466205  -0.47357632  2.21156835 -0.04972434]
[-0.5425571  -0.22530839  1.96935921  1.31877224]
[-0.5425571  -0.22530839  1.96935921  1.31877224]
[-0.5425571  -0.22530839  1.96935921  1.31877224]
[-0.5425571  -0.22530839  1.96935921  1.31877224]
[-0.73757582 -0.16841454  2.27792602  1.23757292]
[-0.68068197  0.14015227  2.1967267   2.53057105]
[-0.68068197  0.14015227  2.1967267   2.53057105]
[-0.76188128  1.43315041  1.1249379   1.78858657]
[0.53111685 0.3613616  0.38295341 0.17986958]
[0.53111685 0.3613616  0.38295341 0.17986958]
[0.53111685 0.3613616  0.38295341 0.17986958]
[0.53111685 0.3613616  0.38295341 0.17986958]
[0.53111685 0.3613616  0.38295341 0.17986958]
[0.53111685 0.3613616  0.38295341 0.17986958]
[0.53111685 0.3613616  0.38295341 0.17986958]
[ 0.15415651  0.93290572 -0.28315509 -0.0645617 ]
[ 0.72570063  0.26679722 -0.52758637  0.97665142]
[0.05959213 0.02236594 0.51362675 0.33318013]
[0.05959213 0.02236594 0.51362675 0.33318013]
[ 1.10080525 -0.62110535 -0.02864908  1.45648744]
[ 1.10080525 -0.62110535 -0.02864908  1.45648744]
[0.55852941 0.50220197 0.83347922 0.24429367]
[0.55852941 0.50220197 0.83347922 0.24429367]
[0.55852941 0.50220197 0.83347922 0.24429367]
[0.55852941 0.50220197 0.83347922 0.24429367]
[0.55852941 0.50220197 0.83347922 0.24429367]
[1.86221355 0.21225998 1.2609931  0.28774391]
[1.57227157 0.63977386 1.30444334 0.33300462]
[1.57227157 0.63977386 1.30444334 0.33300462]
[ 1.61572181  0.68503457  1.05115237 -0.66500777]
[ 1.66098252  0.4317436   0.05313997 -0.11969715]
[ 1.40769155 -0.56626879  0.5984506   0.04584779]
[ 0.40967915 -0.02095817  0.76399554 -0.06046093]
[ 0.40967915 -0.02095817  0.76399554 -0.06046093]
[ 0.57522409 -0.12726689  1.5184243  -0.16379015]
[ 0.46891537  0.62716187  1.41509508 -0.15945733]
[ 0.46891537  0.62716187  1.41509508 -0.15945733]
[ 0.36558615  0.63149469  0.58410163 -1.17988881]
[ 0.36991898 -0.19949876 -0.43632986 -2.05804614]
[ 0.36991898 -0.19949876 -0.43632986 -2.05804614]
[-0.65051251 -1.07765608 -1.0696432  -1.99133109]
[-1.52866984 -1.71096943 -1.00292815 -2.13230624]
[-2.16198318 -1.64425438 -1.1439033  -1.84296161]
[-2.09526813 -1.78522952 -0.85455867 -1.11183662]
[-2.09526813 -1.78522952 -0.85455867 -1.11183662]
[-1.80592351 -1.05410453 -1.73962971 -1.09187894]
[-1.07479851 -1.93917558 -1.71967203 -0.61428069]
[-1.07479851 -1.93917558 -1.71967203 -0.61428069]
[-1.05484083 -1.46157733 -1.14847461 -0.0135361 ]
[-0.57724258 -0.89037991 -0.54773002 -1.06079853]
[-0.00604516 -0.28963532 -1.59499245 -1.32980844]
[-0.00604516 -0.28963532 -1.59499245 -1.32980844]
[-0.00604516 -0.28963532 -1.59499245 -1.32980844]
[-0.00604516 -0.28963532 -1.59499245 -1.32980844]
[-0.00604516 -0.28963532 -1.59499245 -1.32980844]
[-0.00604516 -0.28963532 -1.59499245 -1.32980844]
[ 0.17105464 -1.10346609 -2.14709287 -0.32825448]
[ 0.17105464 -1.10346609 -2.14709287 -0.32825448]
[ 0.17105464 -1.10346609 -2.14709287 -0.32825448]
[ 0.17105464 -1.10346609 -2.14709287 -0.32825448]
[ 0.17105464 -1.10346609 -2.14709287 -0.32825448]
[ 0.07477725 -1.47292675 -0.57812783 -0.59387794]
[-0.29468341  0.0960383  -0.84375128 -1.23002953]
[-0.29468341  0.0960383  -0.84375128 -1.23002953]
[-0.29468341  0.0960383  -0.84375128 -1.23002953]
[-0.29468341  0.0960383  -0.84375128 -1.23002953]
[-0.29468341  0.0960383  -0.84375128 -1.23002953]
[-0.29468341  0.0960383  -0.84375128 -1.23002953]
[ 0.50375567 -0.47618641 -0.3527547  -0.63553207]
[-0.06846904  0.01481017  0.24174277 -0.40620499]
[ 0.42252754  0.60930764  0.47106984 -0.03559174]
[ 0.42252754  0.60930764  0.47106984 -0.03559174]
[ 0.42252754  0.60930764  0.47106984 -0.03559174]
[ 0.42252754  0.60930764  0.47106984 -0.03559174]
[ 0.42252754  0.60930764  0.47106984 -0.03559174]
[ 0.42252754  0.60930764  0.47106984 -0.03559174]
[ 0.42252754  0.60930764  0.47106984 -0.03559174]
[0.26661835 0.4513162  0.22341739 0.19948726]
[ 0.10862692  0.20366375  0.45849639 -1.31670279]
[-0.13902553  0.43874276 -1.05769366 -0.15586609]
[ 0.09605347 -1.07744729  0.10314304 -0.22817341]
[ 0.09605347 -1.07744729  0.10314304 -0.22817341]
[ 1.25689017 -1.14975461 -0.13490164  0.68241939]
[ 1.18458285 -1.38779929  0.77569116  0.94699195]
[ 0.94653817 -0.47720649  1.04026372  1.85726074]
[ 0.94653817 -0.47720649  1.04026372  1.85726074]
[ 0.94653817 -0.47720649  1.04026372  1.85726074]
[1.21111073 0.4330623  1.67703447 0.64612667]
[1.21111073 0.4330623  1.67703447 0.64612667]
[1.21111073 0.4330623  1.67703447 0.64612667]
[-2.33425603e-05 -2.14544979e-01  2.68596210e+00 -2.48373553e-01]
[-0.64763062  0.79438265  1.79146188  0.76370124]
[ 0.361297   -0.10011758  2.80353667  1.27702519]
[-0.53320322  0.91195722  3.31686061 -0.44735159]
[ 0.47887157  1.42528116  1.59248384 -1.8204898 ]
[ 0.99219551 -0.29909561  0.21934563 -3.57624065]
[ 0.99219551 -0.29909561  0.21934563 -3.57624065]
[ 0.99219551 -0.29909561  0.21934563 -3.57624065]
[-0.76355533  0.69268692  0.7813371  -4.68385261]
[-0.76355533  0.69268692  0.7813371  -4.68385261]
[-0.76355533  0.69268692  0.7813371  -4.68385261]
[-1.87116729  0.35766681  0.06056884 -3.78425967]
[-1.87116729  0.35766681  0.06056884 -3.78425967]
[-1.87116729  0.35766681  0.06056884 -3.78425967]
[-0.97157436 -1.17879306  0.23769692 -3.03063741]
[-0.97157436 -1.17879306  0.23769692 -3.03063741]
[-0.79444628 -0.4251708   0.27846772 -3.04679531]
[-0.79444628 -0.4251708   0.27846772 -3.04679531]
[-0.79444628 -0.4251708   0.27846772 -3.04679531]
[-0.79444628 -0.4251708   0.27846772 -3.04679531]
[-0.79444628 -0.4251708   0.27846772 -3.04679531]
[-0.79444628 -0.4251708   0.27846772 -3.04679531]
[-0.79444628 -0.4251708   0.27846772 -3.04679531]
[-0.79444628 -0.4251708   0.27846772 -3.04679531]
[-0.79444628 -0.4251708   0.27846772 -3.04679531]
[-0.79444628 -0.4251708   0.27846772 -3.04679531]
[-0.79444628 -0.4251708   0.27846772 -3.04679531]
[-0.79444628 -0.4251708   0.27846772 -3.04679531]
[-0.5496724  -0.8797317  -0.62666439 -0.84615627]
[-0.5496724  -0.8797317  -0.62666439 -0.84615627]
[-0.5496724  -0.8797317  -0.62666439 -0.84615627]
[ 1.65096664  0.9420241  -0.94560765 -0.10485428]
[ 1.65096664  0.9420241  -0.94560765 -0.10485428]
[ 1.65096664  0.9420241  -0.94560765 -0.10485428]
[ 2.39226863 -0.11091458 -1.09692541 -1.10640782]
[ 1.33932995 -0.26223233 -2.09847894  0.38840694]
[ 1.33932995 -0.26223233 -2.09847894  0.38840694]
[ 0.33777641  1.23258242 -0.31378657  1.31312124]
[ 0.33777641  1.23258242 -0.31378657  1.31312124]
[ 0.33777641  1.23258242 -0.31378657  1.31312124]
[ 0.33777641  1.23258242 -0.31378657  1.31312124]
[ 0.33777641  1.23258242 -0.31378657  1.31312124]
[ 0.33777641  1.23258242 -0.31378657  1.31312124]
[ 1.18704786 -0.26121473 -0.23949001  1.19120069]
[-0.30674929 -0.18691817 -0.36141056  2.73464437]
[-0.30674929 -0.18691817 -0.36141056  2.73464437]
[-0.42866984  1.3565255   0.15947509  2.11701331]
[-0.42866984  1.3565255   0.15947509  2.11701331]
[ 0.09221581  0.73889445 -0.04460352  1.04704088]
[-0.52541524  0.53481584 -1.11457595 -0.60407471]
[-0.52541524  0.53481584 -1.11457595 -0.60407471]
[-0.52541524  0.53481584 -1.11457595 -0.60407471]
[-0.52541524  0.53481584 -1.11457595 -0.60407471]
[-0.52541524  0.53481584 -1.11457595 -0.60407471]
[-0.52541524  0.53481584 -1.11457595 -0.60407471]
[ 0.81829164 -0.73417438  0.48949216 -0.85963338]
[-0.45069858  0.86989373  0.2339335  -0.00259769]
[-0.45069858  0.86989373  0.2339335  -0.00259769]
[-0.45069858  0.86989373  0.2339335  -0.00259769]
[-0.45069858  0.86989373  0.2339335  -0.00259769]
[ 0.90991598  0.43102143 -1.35728912 -1.18120126]
[ 0.47104367 -1.1602012  -2.53589269 -1.46549811]
[ 0.47104367 -1.1602012  -2.53589269 -1.46549811]
[-0.70755989 -1.44449805 -3.11072961 -1.98432708]
[-0.70755989 -1.44449805 -3.11072961 -1.98432708]
[-0.70755989 -1.44449805 -3.11072961 -1.98432708]
[-1.22638886 -0.67935601 -3.05358049 -2.90037281]
[-1.22638886 -0.67935601 -3.05358049 -2.90037281]
[-1.22638886 -0.67935601 -3.05358049 -2.90037281]
[-1.22638886 -0.67935601 -3.05358049 -2.90037281]
[-1.22638886 -0.67935601 -3.05358049 -2.90037281]
[-1.22638886 -0.67935601 -3.05358049 -2.90037281]
[-1.22638886 -0.67935601 -3.05358049 -2.90037281]
[-1.22638886 -0.67935601 -3.05358049 -2.90037281]
[-1.22638886 -0.67935601 -3.05358049 -2.90037281]
[-1.22638886 -0.67935601 -3.05358049 -2.90037281]
[-1.22638886 -0.67935601 -3.05358049 -2.90037281]
[-1.22638886 -0.67935601 -3.05358049 -2.90037281]
[-0.33090322 -0.9778579  -3.20087414 -2.25806946]
[-0.62940511 -1.12515154 -2.55857079 -1.97271123]
[-0.62940511 -1.12515154 -2.55857079 -1.97271123]
[-0.62940511 -1.12515154 -2.55857079 -1.97271123]
[-0.62940511 -1.12515154 -2.55857079 -1.97271123]
[-0.62940511 -1.12515154 -2.55857079 -1.97271123]
[-0.62940511 -1.12515154 -2.55857079 -1.97271123]
[ 0.28145318 -0.01239559 -3.57684286 -2.30448252]
[ 0.28145318 -0.01239559 -3.57684286 -2.30448252]
[-0.73681888 -0.34416688 -2.34256649 -2.48877558]
[-1.06859017  0.89010949 -2.52685955 -1.75584493]
[ 0.1656862   0.70581643 -1.7939289  -1.29250724]
[ 0.1656862   0.70581643 -1.7939289  -1.29250724]
[ 0.1656862   0.70581643 -1.7939289  -1.29250724]
[ 0.62902389  0.17952565 -2.3732992   0.41048588]
[ 0.10273311 -0.39984466 -0.67030609  0.91568529]
[ 0.10273311 -0.39984466 -0.67030609  0.91568529]
[ 0.10273311 -0.39984466 -0.67030609  0.91568529]
[0.60793252 1.10203477 0.0357928  0.73579712]
[0.60793252 1.10203477 0.0357928  0.73579712]
[1.3140314  0.9221466  0.71902336 0.54207973]
[ 1.13414323  1.60537716  0.52530597 -0.09728387]
[ 1.81737379  1.41165977 -0.11405762 -0.69387062]
[ 1.62365641  0.77229618 -0.71064438 -0.20109275]
[ 0.98429281  0.17570942 -0.2178665  -0.19584453]
[ 0.38770605  0.6684873  -0.21261828  0.4260018 ]
[ 0.38770605  0.6684873  -0.21261828  0.4260018 ]
[ 0.38770605  0.6684873  -0.21261828  0.4260018 ]
[ 0.38770605  0.6684873  -0.21261828  0.4260018 ]
[ 0.38770605  0.6684873  -0.21261828  0.4260018 ]
[ 0.38770605  0.6684873  -0.21261828  0.4260018 ]
[ 0.38770605  0.6684873  -0.21261828  0.4260018 ]
[ 0.38770605  0.6684873  -0.21261828  0.4260018 ]
[ 0.38770605  0.6684873  -0.21261828  0.4260018 ]
[ 0.38770605  0.6684873  -0.21261828  0.4260018 ]
[ 0.38770605  0.6684873  -0.21261828  0.4260018 ]
[ 0.38770605  0.6684873  -0.21261828  0.4260018 ]
[ 0.57904151 -0.44975526  0.42517916 -0.1492288 ]
[-0.53920104  0.18804219 -0.15005144 -1.06470905]
[-0.53920104  0.18804219 -0.15005144 -1.06470905]
[-0.53920104  0.18804219 -0.15005144 -1.06470905]
[-0.53920104  0.18804219 -0.15005144 -1.06470905]
[-0.53920104  0.18804219 -0.15005144 -1.06470905]
[-0.53920104  0.18804219 -0.15005144 -1.06470905]
[-0.91390645 -0.83603371 -1.17987041  0.48343155]
[-0.91390645 -0.83603371 -1.17987041  0.48343155]
[-0.91390645 -0.83603371 -1.17987041  0.48343155]
[ 0.63423414 -0.25522328 -1.35805902  1.25351558]
[ 0.63423414 -0.25522328 -1.35805902  1.25351558]
[ 0.45604553  0.51486075 -0.01016064  0.6292679 ]
[ 0.45604553  0.51486075 -0.01016064  0.6292679 ]
[ 0.45604553  0.51486075 -0.01016064  0.6292679 ]
[-0.16820214  0.90960841 -0.96076227 -0.14308215]
[ 0.22654552 -0.04099322 -1.73311232  1.2450639 ]
[-0.72405611 -0.81334327 -0.34496628  0.45345984]
[-0.72405611 -0.81334327 -0.34496628  0.45345984]
[-0.72405611 -0.81334327 -0.34496628  0.45345984]
[-0.72405611 -0.81334327 -0.34496628  0.45345984]
[-1.15548741 -1.43253532  1.31109424  1.57915848]
[-1.15548741 -1.43253532  1.31109424  1.57915848]
[ 0.5005731  -0.30683667  0.70287137  1.38646468]
[ 0.5005731  -0.30683667  0.70287137  1.38646468]
[-0.10764976 -0.49953047  0.55812009  0.67479694]
[-0.30034357 -0.64428176 -0.15354766  0.8418415 ]
[-0.30034357 -0.64428176 -0.15354766  0.8418415 ]
[-0.30034357 -0.64428176 -0.15354766  0.8418415 ]
[-1.01201131 -0.47723719 -1.15940249  0.35675309]
[-1.01201131 -0.47723719 -1.15940249  0.35675309]
[-1.01201131 -0.47723719 -1.15940249  0.35675309]
[-1.01201131 -0.47723719 -1.15940249  0.35675309]
[-1.01201131 -0.47723719 -1.15940249  0.35675309]
[-1.01201131 -0.47723719 -1.15940249  0.35675309]
[-1.01201131 -0.47723719 -1.15940249  0.35675309]
[-1.01201131 -0.47723719 -1.15940249  0.35675309]
[-1.01201131 -0.47723719 -1.15940249  0.35675309]
[-0.88033171  1.16554641 -0.3776197   0.58552893]
[-0.88033171  1.16554641 -0.3776197   0.58552893]
[-0.88033171  1.16554641 -0.3776197   0.58552893]
[-0.88033171  1.16554641 -0.3776197   0.58552893]
[-0.88033171  1.16554641 -0.3776197   0.58552893]
[-0.88033171  1.16554641 -0.3776197   0.58552893]
[-0.88033171  1.16554641 -0.3776197   0.58552893]
[-0.88033171  1.16554641 -0.3776197   0.58552893]
[-0.88033171  1.16554641 -0.3776197   0.58552893]
[-0.88033171  1.16554641 -0.3776197   0.58552893]
[-0.54295511  1.04288161  0.34395179 -1.14158109]
[-0.54295511  1.04288161  0.34395179 -1.14158109]
[ 0.17861638 -0.6842284  -0.72798631 -2.53539209]
[ 0.17861638 -0.6842284  -0.72798631 -2.53539209]
[ 0.17861638 -0.6842284  -0.72798631 -2.53539209]
[-1.21519462 -0.22267243 -1.47435867 -1.75337217]
[-0.75363864 -0.96904479 -0.69233875 -2.56185842]
[-1.500011   -0.18702487 -1.500825   -2.9438236 ]
[-1.500011   -0.18702487 -1.500825   -2.9438236 ]
[-1.500011   -0.18702487 -1.500825   -2.9438236 ]
[-1.500011   -0.18702487 -1.500825   -2.9438236 ]
[-1.500011   -0.18702487 -1.500825   -2.9438236 ]
[-1.55019718 -0.70931776 -1.45907    -3.31155837]
[-1.55019718 -0.70931776 -1.45907    -3.31155837]
[-1.55019718 -0.70931776 -1.45907    -3.31155837]
[-1.55019718 -0.70931776 -1.45907    -3.31155837]
[-1.59000136 -1.03640845 -2.10677447 -2.73286317]
[-1.59000136 -1.03640845 -2.10677447 -2.73286317]
[-2.23770584 -0.45771326 -2.98495443 -1.7625401 ]
[-1.65901065 -1.33589322 -2.01463136 -2.37462027]
[-1.65901065 -1.33589322 -2.01463136 -2.37462027]
[-0.68868757 -1.94797339 -2.85141108 -0.69088215]
[-0.68868757 -1.94797339 -2.85141108 -0.69088215]
[-1.52546729 -0.26423527 -2.68787839 -1.66471443]
[-1.52546729 -0.26423527 -2.68787839 -1.66471443]
[-1.52546729 -0.26423527 -2.68787839 -1.66471443]
[-2.49929957 -0.77001185 -1.64770085 -1.76058765]
[-2.49929957 -0.77001185 -1.64770085 -1.76058765]
[-1.45912203 -0.86588507 -2.3697609  -2.73340762]
[-1.45912203 -0.86588507 -2.3697609  -2.73340762]
[-1.45912203 -0.86588507 -2.3697609  -2.73340762]
[-1.45912203 -0.86588507 -2.3697609  -2.73340762]
[-1.45912203 -0.86588507 -2.3697609  -2.73340762]
[-1.45912203 -0.86588507 -2.3697609  -2.73340762]
[-1.45912203 -0.86588507 -2.3697609  -2.73340762]
[-1.45912203 -0.86588507 -2.3697609  -2.73340762]
[-1.45912203 -0.86588507 -2.3697609  -2.73340762]
[-1.45912203 -0.86588507 -2.3697609  -2.73340762]
[-1.45912203 -0.86588507 -2.3697609  -2.73340762]
[-1.45912203 -0.86588507 -2.3697609  -2.73340762]
[-1.45912203 -0.86588507 -2.3697609  -2.73340762]
[-1.45912203 -0.86588507 -2.3697609  -2.73340762]
[-1.45912203 -0.86588507 -2.3697609  -2.73340762]
[-1.45912203 -0.86588507 -2.3697609  -2.73340762]
[-1.45912203 -0.86588507 -2.3697609  -2.73340762]
[-1.45912203 -0.86588507 -2.3697609  -2.73340762]
[-1.45912203 -0.86588507 -2.3697609  -2.73340762]
[-1.45912203 -0.86588507 -2.3697609  -2.73340762]
[-1.45912203 -0.86588507 -2.3697609  -2.73340762]
[-0.70246565 -0.63263481 -1.93594786 -1.92618869]
[-0.46921539 -0.19882178 -1.12872894 -3.06923764]
[-0.46921539 -0.19882178 -1.12872894 -3.06923764]
[-0.46921539 -0.19882178 -1.12872894 -3.06923764]
[-1.61226434 -0.22073321 -2.34259981 -1.44106094]
[-1.61226434 -0.22073321 -2.34259981 -1.44106094]
[-1.61226434 -0.22073321 -2.34259981 -1.44106094]
[ 0.01591236 -0.26298833 -1.20158774 -1.43282375]
[ 0.01591236 -0.26298833 -1.20158774 -1.43282375]
[ 0.01591236 -0.26298833 -1.20158774 -1.43282375]
[-0.02634275  0.87802374 -1.19335055  0.00601701]
[-0.02634275  0.87802374 -1.19335055  0.00601701]
[-0.02634275  0.87802374 -1.19335055  0.00601701]
[-0.02634275  0.87802374 -1.19335055  0.00601701]
[-1.17175222 -0.3438038  -1.35392692 -0.0196226 ]
[-1.17175222 -0.3438038  -1.35392692 -0.0196226 ]
[-1.33232859 -0.3694434  -1.05548003  0.76834384]
[-1.35796819 -0.07099651 -0.26751359  1.36548304]
[-1.0595213   0.71696993  0.32962561  0.02193718]
[-1.0595213   0.71696993  0.32962561  0.02193718]
[-0.4623821  -0.62657593  1.12167759 -0.82375114]
[-0.4623821  -0.62657593  1.12167759 -0.82375114]
[-0.4623821  -0.62657593  1.12167759 -0.82375114]
[-0.4623821  -0.62657593  1.12167759 -0.82375114]
[-0.4623821  -0.62657593  1.12167759 -0.82375114]
[-0.4623821  -0.62657593  1.12167759 -0.82375114]
[-0.4623821  -0.62657593  1.12167759 -0.82375114]
[-0.87615694 -1.3491559   0.17987469 -0.53749003]
[-0.87615694 -1.3491559   0.17987469 -0.53749003]
[-0.87615694 -1.3491559   0.17987469 -0.53749003]
[-0.87615694 -1.3491559   0.17987469 -0.53749003]
[-0.87615694 -1.3491559   0.17987469 -0.53749003]
[-0.87615694 -1.3491559   0.17987469 -0.53749003]
[-1.42517781  1.33498248  0.27576124 -0.62541794]
[ 1.25896057  1.43086903  0.18783333 -0.45520997]
[ 1.35484712  1.34294113  0.3580413  -1.58658509]
[ 1.26691922  1.51314909 -0.77333383 -2.13655857]
[ 1.26691922  1.51314909 -0.77333383 -2.13655857]
[ 0.13554409  0.96317562 -3.11012242 -1.64150713]
[ 0.13554409  0.96317562 -3.11012242 -1.64150713]
[ 0.13554409  0.96317562 -3.11012242 -1.64150713]
[ 0.63059553  0.1916589  -1.69358494 -0.30463757]
[ 0.63059553  0.1916589  -1.69358494 -0.30463757]
[ 0.63059553  0.1916589  -1.69358494 -0.30463757]
[ 0.63059553  0.1916589  -1.69358494 -0.30463757]
[ 0.63059553  0.1916589  -1.69358494 -0.30463757]
[ 0.63059553  0.1916589  -1.69358494 -0.30463757]
[-0.1159445  -0.85688058 -1.24512014 -0.71188937]
[-0.1159445  -0.85688058 -1.24512014 -0.71188937]
[ 0.3325203  -1.26413239  0.78934797 -0.05249347]
[-0.07473151  0.77033572  1.44874388 -0.66169343]
[-0.07473151  0.77033572  1.44874388 -0.66169343]
[-0.07473151  0.77033572  1.44874388 -0.66169343]
[-0.07473151  0.77033572  1.44874388 -0.66169343]
[ 0.31518843 -0.91403083  0.26612443 -1.5781412 ]
[ 0.31518843 -0.91403083  0.26612443 -1.5781412 ]
[ 0.31518843 -0.91403083  0.26612443 -1.5781412 ]
[-0.60125933 -0.22653335 -0.56593112  0.16186056]
[ 0.08623814 -1.05858889  1.17407064 -1.16654066]
[ 0.08623814 -1.05858889  1.17407064 -1.16654066]
[ 0.08623814 -1.05858889  1.17407064 -1.16654066]
[ 0.08623814 -1.05858889  1.17407064 -1.16654066]
[ 0.08623814 -1.05858889  1.17407064 -1.16654066]
[-0.90273677  0.17513802  1.18932896 -0.03484055]
[0.33099014 0.19039634 2.32102907 0.3906938 ]
[0.33099014 0.19039634 2.32102907 0.3906938 ]
[0.33099014 0.19039634 2.32102907 0.3906938 ]
[0.33099014 0.19039634 2.32102907 0.3906938 ]
[-0.05834643  0.28425211  1.22662409  0.34527484]
[ 0.03550934 -0.81015288  1.18120513  1.38898974]
[ 0.03550934 -0.81015288  1.18120513  1.38898974]
[ 0.03550934 -0.81015288  1.18120513  1.38898974]
[ 0.03550934 -0.81015288  1.18120513  1.38898974]
[ 0.03550934 -0.81015288  1.18120513  1.38898974]
[ 0.03550934 -0.81015288  1.18120513  1.38898974]
[-1.02268329 -0.87771226  0.85333615  1.43915331]
[-1.09024268 -1.20558124  0.90349971  0.98322608]
[-1.41811166 -1.15541768  0.44757249 -0.3041659 ]
[-1.41811166 -1.15541768  0.44757249 -0.3041659 ]
[-1.41811166 -1.15541768  0.44757249 -0.3041659 ]
[-1.41811166 -1.15541768  0.44757249 -0.3041659 ]
[-0.42089355 -0.10245769  1.56513824 -1.91152876]
[-0.42089355 -0.10245769  1.56513824 -1.91152876]
[-0.42089355 -0.10245769  1.56513824 -1.91152876]
[-0.42089355 -0.10245769  1.56513824 -1.91152876]
[-0.42089355 -0.10245769  1.56513824 -1.91152876]
[-0.42089355 -0.10245769  1.56513824 -1.91152876]
[ 0.0998615  -0.72205566 -0.27282574 -0.56065212]
[ 0.0998615  -0.72205566 -0.27282574 -0.56065212]
[ 0.0998615  -0.72205566 -0.27282574 -0.56065212]
[ 0.0998615  -0.72205566 -0.27282574 -0.56065212]
[ 0.0998615  -0.72205566 -0.27282574 -0.56065212]
[ 0.0998615  -0.72205566 -0.27282574 -0.56065212]
[ 0.20387293 -1.39345579 -0.34323121  0.18352254]
[-0.46752721 -1.46386126  0.40094345  0.34352945]
[-0.53793268 -0.71968661  0.56095036  0.41425582]
[ 0.20624198 -0.5596797   0.63167673  1.39931873]
[ 0.36624889 -0.48895333  1.61673964  0.47590932]
[0.43697526 0.49610958 0.69333023 0.92137013]
[0.43697526 0.49610958 0.69333023 0.92137013]
[0.43697526 0.49610958 0.69333023 0.92137013]
[ 0.88243607  0.58680648  0.81302502 -0.24114452]
[ 0.97313296  0.70650127 -0.34948963  0.47787388]
[ 1.17238013  0.79719817 -0.22979484 -0.68464077]
[ 1.17238013  0.79719817 -0.22979484 -0.68464077]
[ 1.29207492 -0.36531648  0.48922357  0.04168689]
[ 0.12956027  0.35370192  1.21555123 -0.16786433]
[ 0.12956027  0.35370192  1.21555123 -0.16786433]
[0.85588793 0.1441507  1.23483324 0.31803795]
[0.85588793 0.1441507  1.23483324 0.31803795]
[0.87516994 0.63005299 2.38109612 0.56813229]
[0.87516994 0.63005299 2.38109612 0.56813229]
[2.02143282 0.88014732 1.49345292 1.29762537]
[2.02143282 0.88014732 1.49345292 1.29762537]
[1.13378962 1.6096404  2.82595229 2.38521193]
[1.13378962 1.6096404  2.82595229 2.38521193]
[1.13378962 1.6096404  2.82595229 2.38521193]
[2.22137618 0.62758881 2.87967392 0.97707561]
[1.23932459 0.68131045 1.4715376  0.94995136]
[1.23932459 0.68131045 1.4715376  0.94995136]
[1.23932459 0.68131045 1.4715376  0.94995136]
[1.23932459 0.68131045 1.4715376  0.94995136]
[1.23932459 0.68131045 1.4715376  0.94995136]
[1.23932459 0.68131045 1.4715376  0.94995136]
[1.23932459 0.68131045 1.4715376  0.94995136]
[1.23932459 0.68131045 1.4715376  0.94995136]
[1.23932459 0.68131045 1.4715376  0.94995136]
[1.23932459 0.68131045 1.4715376  0.94995136]
[1.23932459 0.68131045 1.4715376  0.94995136]
[1.23932459 0.68131045 1.4715376  0.94995136]
[1.23932459 0.68131045 1.4715376  0.94995136]
[1.57394727 0.3067094  1.61849849 0.85374884]
[1.19934622 0.45367029 1.52229597 1.25137538]
[1.19934622 0.45367029 1.52229597 1.25137538]
[1.19934622 0.45367029 1.52229597 1.25137538]
[1.19934622 0.45367029 1.52229597 1.25137538]
[1.19934622 0.45367029 1.52229597 1.25137538]
[1.19934622 0.45367029 1.52229597 1.25137538]
[1.19934622 0.45367029 1.52229597 1.25137538]
[1.19934622 0.45367029 1.52229597 1.25137538]
[1.19934622 0.45367029 1.52229597 1.25137538]
[ 1.41192665 -0.3027275   1.36199454  0.68517377]
[ 0.65552886 -0.46302894  0.79579292  0.45340295]
[ 0.65552886 -0.46302894  0.79579292  0.45340295]
[ 0.65552886 -0.46302894  0.79579292  0.45340295]
[ 0.42375803  1.28235766 -0.81926199  0.04379977]
[ 0.42375803  1.28235766 -0.81926199  0.04379977]
[ 0.42375803  1.28235766 -0.81926199  0.04379977]
[ 0.01415486 -0.03611095 -0.26994187 -0.89030333]
[ 0.01415486 -0.03611095 -0.26994187 -0.89030333]
[ 0.01415486 -0.03611095 -0.26994187 -0.89030333]
[ 0.01415486 -0.03611095 -0.26994187 -0.89030333]
[ 0.01415486 -0.03611095 -0.26994187 -0.89030333]
[-0.41700278 -1.16087724  0.5540766   1.12911037]
[-1.54176907 -0.33685878  2.57349029 -0.15180311]
[-0.71775061  1.68255492  1.29257681 -1.16201484]
[ 1.30166309  0.40164144  0.28236508 -1.07715   ]
[ 0.02074961 -0.60857029  0.36722992 -1.27636335]
[-0.98946212 -0.52370545  0.16801658 -1.80084698]
[-0.90459728 -0.7229188  -0.35646705 -1.42777822]
[-0.90459728 -0.7229188  -0.35646705 -1.42777822]
[-0.90459728 -0.7229188  -0.35646705 -1.42777822]
[-0.53152852 -2.65716545  1.2252104  -0.89085989]
[-2.46577518 -1.07548801  1.76212872 -0.90815004]
[-0.88409773 -0.53856968  1.74483857 -0.48717003]
[-0.3471794  -0.55585983  2.16581859 -0.42326429]
[-0.36446956 -0.13487982  2.22972432  0.26566812]
[ 0.05651046 -0.07097408  2.91865674 -0.36009299]
[0.12041619 0.61795833 2.29289562 1.44456669]
[0.12041619 0.61795833 2.29289562 1.44456669]
[0.12041619 0.61795833 2.29289562 1.44456669]
[0.12041619 0.61795833 2.29289562 1.44456669]
[0.12041619 0.61795833 2.29289562 1.44456669]
[0.12041619 0.61795833 2.29289562 1.44456669]
[0.12041619 0.61795833 2.29289562 1.44456669]
[0.12041619 0.61795833 2.29289562 1.44456669]
[0.12041619 0.61795833 2.29289562 1.44456669]
[0.12041619 0.61795833 2.29289562 1.44456669]
[0.12041619 0.61795833 2.29289562 1.44456669]
[0.12041619 0.61795833 2.29289562 1.44456669]
[0.12041619 0.61795833 2.29289562 1.44456669]
[-0.97667194  0.89080243  1.60642813  0.42583801]
[-0.70382784  0.20433493  0.58769945 -0.6934108 ]
[-0.70382784  0.20433493  0.58769945 -0.6934108 ]
[-0.70382784  0.20433493  0.58769945 -0.6934108 ]
[-0.70382784  0.20433493  0.58769945 -0.6934108 ]
[-0.70382784  0.20433493  0.58769945 -0.6934108 ]
[-0.70382784  0.20433493  0.58769945 -0.6934108 ]
[-0.31381852  1.43370668 -0.4490287  -0.48716177]
[ 0.91555323  0.39697852 -0.24277968 -0.5647375 ]
[-0.12117493  0.60322755 -0.3203554  -0.33784436]
[ 0.08507409  0.52565182 -0.09346227 -1.23074508]
[ 0.08507409  0.52565182 -0.09346227 -1.23074508]
[ 0.31196723 -0.3672489  -1.79562878 -1.73790728]
[ 0.31196723 -0.3672489  -1.79562878 -1.73790728]
[ 0.31196723 -0.3672489  -1.79562878 -1.73790728]
[ 0.31196723 -0.3672489  -1.79562878 -1.73790728]
[ 0.31196723 -0.3672489  -1.79562878 -1.73790728]
[ 0.31196723 -0.3672489  -1.79562878 -1.73790728]
[ 0.31196723 -0.3672489  -1.79562878 -1.73790728]
[ 0.31196723 -0.3672489  -1.79562878 -1.73790728]
[ 0.73822801 -0.7945659  -1.75605346 -2.64376091]
[ 0.73822801 -0.7945659  -1.75605346 -2.64376091]
[ 0.77780332 -1.70041953 -2.04855076 -1.71018922]
[ 0.77780332 -1.70041953 -2.04855076 -1.71018922]
[ 0.48530602 -0.76684784 -2.87113059  0.01941834]
[ 0.48530602 -0.76684784 -2.87113059  0.01941834]
[-0.33727381  0.96275971 -3.05343136 -0.40483988]
[-0.33727381  0.96275971 -3.05343136 -0.40483988]
[-0.51957457  0.5385015  -3.00855871  0.89036812]
[-0.94383278  0.58337414 -1.71335072  0.79008749]
[-0.94383278  0.58337414 -1.71335072  0.79008749]
[-0.94383278  0.58337414 -1.71335072  0.79008749]
[-0.94383278  0.58337414 -1.71335072  0.79008749]
[-0.94383278  0.58337414 -1.71335072  0.79008749]
[-0.45109571 -0.2431264  -2.32774271  0.75108131]
[-0.45109571 -0.2431264  -2.32774271  0.75108131]
[-0.45109571 -0.2431264  -2.32774271  0.75108131]
[-0.49010189 -0.47859053 -1.7350356   0.25748708]
[-0.72556602  0.11411658 -2.22862983  0.78729907]
[-0.13285891 -0.37947766 -1.69881784  1.76132056]
[-0.62645315  0.15033434 -0.72479635  1.0297776 ]
[-0.62645315  0.15033434 -0.72479635  1.0297776 ]
[ 0.34756834 -0.58120862 -1.37978506  1.64920939]
[-0.38397462 -1.23619733 -0.76035327  1.93552059]
[-0.38397462 -1.23619733 -0.76035327  1.93552059]
[ 0.23545717 -0.94988613  0.51088223  1.46003438]
[0.52176837 0.32134937 0.03539601 0.80573542]
[0.52176837 0.32134937 0.03539601 0.80573542]
[ 1.23145748 -0.15413685 -0.61890295  0.01276946]
[ 1.23145748 -0.15413685 -0.61890295  0.01276946]
[ 0.57715852 -0.94710281 -2.35314596 -0.19445906]
[ 0.57715852 -0.94710281 -2.35314596 -0.19445906]
[-1.1570845  -1.15433132 -2.12655353 -0.60737811]
[-1.1570845  -1.15433132 -2.12655353 -0.60737811]
[-1.1570845  -1.15433132 -2.12655353 -0.60737811]
[-1.1570845  -1.15433132 -2.12655353 -0.60737811]
[-1.1570845  -1.15433132 -2.12655353 -0.60737811]
[-1.1570845  -1.15433132 -2.12655353 -0.60737811]
[-1.66387182 -1.35035473 -1.29178752 -0.39307717]
[-1.85989522 -0.51558872 -1.07748658  0.01606189]
[-1.02512921 -0.30128778 -0.66834752 -0.10063101]
[-0.81082827  0.10785128 -0.78504041 -1.17583015]
[-0.81082827  0.10785128 -0.78504041 -1.17583015]
[-0.81082827  0.10785128 -0.78504041 -1.17583015]
[-0.81082827  0.10785128 -0.78504041 -1.17583015]
[-0.81082827  0.10785128 -0.78504041 -1.17583015]
[-0.81082827  0.10785128 -0.78504041 -1.17583015]
[-0.81082827  0.10785128 -0.78504041 -1.17583015]
[-0.81082827  0.10785128 -0.78504041 -1.17583015]
[-0.81082827  0.10785128 -0.78504041 -1.17583015]
[-0.81082827  0.10785128 -0.78504041 -1.17583015]
[ 0.2878747  -0.23611575 -1.55027919 -0.78010746]
[ 0.2878747  -0.23611575 -1.55027919 -0.78010746]
[-0.47736407  0.15960694 -2.07740815  0.60876351]
[-0.08164138 -0.36752202 -0.68853718  0.64113597]
[-0.08164138 -0.36752202 -0.68853718  0.64113597]
[-0.08164138 -0.36752202 -0.68853718  0.64113597]
[-0.04926892 -0.02384436 -0.55453423  2.14944177]
[0.29440874 0.11015859 0.95377157 2.741007  ]
[0.29440874 0.11015859 0.95377157 2.741007  ]
[0.29440874 0.11015859 0.95377157 2.741007  ]
[0.29440874 0.11015859 0.95377157 2.741007  ]
[0.29440874 0.11015859 0.95377157 2.741007  ]
[0.29440874 0.11015859 0.95377157 2.741007  ]
[0.29440874 0.11015859 0.95377157 2.741007  ]
[0.33141292 1.10466358 1.66622208 3.24306379]
[0.33141292 1.10466358 1.66622208 3.24306379]
[0.33141292 1.10466358 1.66622208 3.24306379]
[0.33141292 1.10466358 1.66622208 3.24306379]
[0.33141292 1.10466358 1.66622208 3.24306379]
[0.33141292 1.10466358 1.66622208 3.24306379]
[0.33141292 1.10466358 1.66622208 3.24306379]
[0.33141292 1.10466358 1.66622208 3.24306379]
[0.33141292 1.10466358 1.66622208 3.24306379]
[1.26237436 0.32776742 0.54852941 2.89936254]
[ 0.48547819 -0.78992526  0.20482816  1.18274772]
[ 0.48547819 -0.78992526  0.20482816  1.18274772]
[ 0.48547819 -0.78992526  0.20482816  1.18274772]
[ 0.48547819 -0.78992526  0.20482816  1.18274772]
[-0.87001912  0.59970235  0.39265595  0.14863492]
[ 0.51960849  0.78753014 -0.64145686  0.11461946]
[ 0.70743628 -0.24658267 -0.67547231  0.25365895]
[-0.32667653 -0.28059812 -0.53643283 -0.08225018]
[-0.32667653 -0.28059812 -0.53643283 -0.08225018]
[-0.32667653 -0.28059812 -0.53643283 -0.08225018]
[-0.32667653 -0.28059812 -0.53643283 -0.08225018]
[-0.32667653 -0.28059812 -0.53643283 -0.08225018]
[-0.98074502  0.18940339 -0.08276921  0.22978196]
[-0.5107435   0.64306701  0.22926293  1.13545565]
[-0.05707989  0.95509915  1.13493661 -0.10191556]
[-0.05707989  0.95509915  1.13493661 -0.10191556]
[-0.05707989  0.95509915  1.13493661 -0.10191556]
[-0.05707989  0.95509915  1.13493661 -0.10191556]
[ 0.27834323 -0.27826338  0.45438955  0.65015962]
[ 0.27834323 -0.27826338  0.45438955  0.65015962]
[ 0.27834323 -0.27826338  0.45438955  0.65015962]
[ 0.27834323 -0.27826338  0.45438955  0.65015962]
[ 0.27834323 -0.27826338  0.45438955  0.65015962]
[-0.01650004 -0.35300716 -0.20151497 -0.0204276 ]
[-0.01650004 -0.35300716 -0.20151497 -0.0204276 ]
[-0.01650004 -0.35300716 -0.20151497 -0.0204276 ]
[-0.01650004 -0.35300716 -0.20151497 -0.0204276 ]
[ 0.94074105  1.19401535  0.47905477 -0.18183813]
[ 0.94074105  1.19401535  0.47905477 -0.18183813]
[ 0.94074105  1.19401535  0.47905477 -0.18183813]
[ 0.77933052  1.09368961  1.37757859 -0.71799659]
[ 0.77933052  1.09368961  1.37757859 -0.71799659]
[1.67785433 0.55753115 0.72007217 0.52080475]
[ 1.14169587 -0.09997527  1.95887351  0.89953716]
[ 1.14169587 -0.09997527  1.95887351  0.89953716]
[ 1.14169587 -0.09997527  1.95887351  0.89953716]
[1.52042828 0.97293853 0.62768563 0.55228526]
[1.52042828 0.97293853 0.62768563 0.55228526]
[ 0.1892404   0.62568664 -0.29144319  1.89531634]
[-0.1580115  -0.29344218  1.05158789  0.57314278]
[-0.1580115  -0.29344218  1.05158789  0.57314278]
[-0.1580115  -0.29344218  1.05158789  0.57314278]
[-0.1580115  -0.29344218  1.05158789  0.57314278]
[ 1.14145894 -1.44301529  0.01841426 -0.06566673]
[ 1.14145894 -1.44301529  0.01841426 -0.06566673]
[ 0.10828532 -2.0818248  -0.02569823  0.84785372]
[-0.5305242  -2.12593728  0.88782222  1.56028674]
[-0.57463668 -1.21241684  1.60025525  1.7119517 ]
[ 0.33888377 -0.49998381  1.7519202   0.46470027]
[ 1.05131679 -0.34831886  0.50466878  0.97024984]
[ 1.05131679 -0.34831886  0.50466878  0.97024984]
[ 1.05131679 -0.34831886  0.50466878  0.97024984]
[ 1.05131679 -0.34831886  0.50466878  0.97024984]
[ 1.05131679 -0.34831886  0.50466878  0.97024984]
[ 1.05131679 -0.34831886  0.50466878  0.97024984]
[-0.33521638  0.476413    0.46365468  0.76757983]
[0.48951547 0.4353989  0.26098466 1.23816566]
[ 0.44850137  0.23272888  0.73157049 -0.33165307]
[ 0.24583136  0.70331472 -0.83824824  0.53466468]
[ 0.24583136  0.70331472 -0.83824824  0.53466468]
[ 0.24583136  0.70331472 -0.83824824  0.53466468]
[ 0.24583136  0.70331472 -0.83824824  0.53466468]
[ 0.24583136  0.70331472 -0.83824824  0.53466468]
[ 0.24583136  0.70331472 -0.83824824  0.53466468]
[ 0.24583136  0.70331472 -0.83824824  0.53466468]
[ 0.24583136  0.70331472 -0.83824824  0.53466468]
[ 0.24583136  0.70331472 -0.83824824  0.53466468]
[ 0.24583136  0.70331472 -0.83824824  0.53466468]
[ 0.24583136  0.70331472 -0.83824824  0.53466468]
[ 0.24583136  0.70331472 -0.83824824  0.53466468]
[ 0.24583136  0.70331472 -0.83824824  0.53466468]
[-0.44289341 -0.05007808  0.44025285  0.26857515]
[-0.44289341 -0.05007808  0.44025285  0.26857515]
[ 0.83560768 -0.31616761 -0.10371443 -0.01300207]
[ 0.56951815 -0.86013488 -0.38529165  0.4846977 ]
[ 0.02555088 -1.14171211  0.11240812 -0.30985646]
[-0.25602635 -0.64401233 -0.68214604  0.40535681]
[-0.25602635 -0.64401233 -0.68214604  0.40535681]
[-1.05058051  0.07120094 -1.25810649  0.69729197]
[-0.33536724 -0.50475951 -0.96617133  0.91291831]
[-0.33536724 -0.50475951 -0.96617133  0.91291831]
[-0.04343208 -0.28913317 -0.71114428  0.59571117]
[-0.04343208 -0.28913317 -0.71114428  0.59571117]
[-0.04343208 -0.28913317 -0.71114428  0.59571117]
[-0.36063923 -0.1905709   0.1567444  -0.88265216]
[-0.36063923 -0.1905709   0.1567444  -0.88265216]
[-0.36063923 -0.1905709   0.1567444  -0.88265216]
[-0.36063923 -0.1905709   0.1567444  -0.88265216]
[-0.36063923 -0.1905709   0.1567444  -0.88265216]
[-0.36063923 -0.1905709   0.1567444  -0.88265216]
[-0.36063923 -0.1905709   0.1567444  -0.88265216]
[-0.36063923 -0.1905709   0.1567444  -0.88265216]
[-0.36063923 -0.1905709   0.1567444  -0.88265216]
[-0.36063923 -0.1905709   0.1567444  -0.88265216]
[ 0.10884421  0.12921675  1.07434384 -2.41094372]
[ 0.42863186  1.04681619 -0.45394773 -1.06558319]
[ 0.42863186  1.04681619 -0.45394773 -1.06558319]
[ 0.42863186  1.04681619 -0.45394773 -1.06558319]
[ 0.42863186  1.04681619 -0.45394773 -1.06558319]
[ 0.42863186  1.04681619 -0.45394773 -1.06558319]
[ 0.42863186  1.04681619 -0.45394773 -1.06558319]
[ 0.42863186  1.04681619 -0.45394773 -1.06558319]
[ 0.42863186  1.04681619 -0.45394773 -1.06558319]
[ 0.42863186  1.04681619 -0.45394773 -1.06558319]
[ 0.42863186  1.04681619 -0.45394773 -1.06558319]
[ 0.42863186  1.04681619 -0.45394773 -1.06558319]
[ 0.68948553  1.29105853 -0.08058103 -0.3353539 ]
[ 0.68948553  1.29105853 -0.08058103 -0.3353539 ]
[ 0.68948553  1.29105853 -0.08058103 -0.3353539 ]
[ 0.68948553  1.29105853 -0.08058103 -0.3353539 ]
[ 1.31573221  0.53116451 -1.59702633  0.39249224]
[ 0.55583819 -0.98528079 -0.8691802   0.60126396]
[-0.96060711 -0.25743465 -0.66040847  0.78568035]
[-0.96060711 -0.25743465 -0.66040847  0.78568035]
[-0.96060711 -0.25743465 -0.66040847  0.78568035]
[-0.96060711 -0.25743465 -0.66040847  0.78568035]
[ 0.95061797  0.17703885 -0.05122272  0.36165897]
[ 0.95061797  0.17703885 -0.05122272  0.36165897]
[ 0.95061797  0.17703885 -0.05122272  0.36165897]
[ 0.52659659 -0.59703785  0.34775284  0.98389926]
[-0.24748011 -0.19806229  0.96999313  0.20777075]
[ 0.15149545  0.424178    0.19386462 -1.34838153]
[ 0.15149545  0.424178    0.19386462 -1.34838153]
[ 0.15149545  0.424178    0.19386462 -1.34838153]
[ 0.15149545  0.424178    0.19386462 -1.34838153]
[ 0.15149545  0.424178    0.19386462 -1.34838153]
[-0.0780599   0.56317277 -0.57850772 -0.87385081]
[ 0.06093487 -0.20919957 -0.103977    1.15579045]
[-0.71143748  0.26533115  1.92566426  0.58512767]
[-0.71143748  0.26533115  1.92566426  0.58512767]
[ 1.31820379 -0.30533164  2.03406407  0.07328303]
[ 0.747541   -0.19693184  1.52221943  0.06330036]
[ 0.747541   -0.19693184  1.52221943  0.06330036]
[ 0.23569637 -0.20691451  1.1536848   0.66908312]
[ 0.22571369 -0.57544914  1.75946757 -0.15590682]
[-0.14282094  0.03033362  0.93447763  0.11755898]
[-0.14282094  0.03033362  0.93447763  0.11755898]
[-0.96781088  0.30379942  0.89362729 -0.74202198]
[-0.96781088  0.30379942  0.89362729 -0.74202198]
[-0.96781088  0.30379942  0.89362729 -0.74202198]
[-0.96781088  0.30379942  0.89362729 -0.74202198]
[-0.96781088  0.30379942  0.89362729 -0.74202198]
[-0.96781088  0.30379942  0.89362729 -0.74202198]
[-0.96781088  0.30379942  0.89362729 -0.74202198]
[-0.96781088  0.30379942  0.89362729 -0.74202198]
[-0.96781088  0.30379942  0.89362729 -0.74202198]
[-0.96781088  0.30379942  0.89362729 -0.74202198]
[-0.96781088  0.30379942  0.89362729 -0.74202198]
[-0.96781088  0.30379942  0.89362729 -0.74202198]
[-0.3067714  -0.13671897  0.0756784  -1.02201329]
[-0.3067714  -0.13671897  0.0756784  -1.02201329]
[-0.3067714  -0.13671897  0.0756784  -1.02201329]
[-0.3067714  -0.13671897  0.0756784  -1.02201329]
[-0.3067714  -0.13671897  0.0756784  -1.02201329]
[-0.3067714  -0.13671897  0.0756784  -1.02201329]
[-0.3067714  -0.13671897  0.0756784  -1.02201329]
[-0.3067714  -0.13671897  0.0756784  -1.02201329]
[-0.3067714  -0.13671897  0.0756784  -1.02201329]
[-0.3067714  -0.13671897  0.0756784  -1.02201329]
[-0.3067714  -0.13671897  0.0756784  -1.02201329]
[-0.3067714  -0.13671897  0.0756784  -1.02201329]
[-0.3067714  -0.13671897  0.0756784  -1.02201329]
[-0.3067714  -0.13671897  0.0756784  -1.02201329]
[-0.3067714  -0.13671897  0.0756784  -1.02201329]
[ 0.03497609 -1.42060039  0.02810262 -1.64674915]
[ 0.03497609 -1.42060039  0.02810262 -1.64674915]
[ 0.03497609 -1.42060039  0.02810262 -1.64674915]
[ 0.03497609 -1.42060039  0.02810262 -1.64674915]
[ 0.03497609 -1.42060039  0.02810262 -1.64674915]
[-1.76144074 -1.03609158  1.17148046 -1.18391257]
[-1.37693192  0.10728627  1.63431705 -1.57279126]
[-0.23355408  0.57012285  1.24543836 -0.66271361]
[-0.23355408  0.57012285  1.24543836 -0.66271361]
[-0.23355408  0.57012285  1.24543836 -0.66271361]
[-0.23355408  0.57012285  1.24543836 -0.66271361]
[-0.23355408  0.57012285  1.24543836 -0.66271361]
[-0.23355408  0.57012285  1.24543836 -0.66271361]
[-0.23355408  0.57012285  1.24543836 -0.66271361]
[ 0.38140371 -0.7879331   1.17071092 -1.41804149]
[ 0.38140371 -0.7879331   1.17071092 -1.41804149]
[ 0.38140371 -0.7879331   1.17071092 -1.41804149]
[ 0.38140371 -0.7879331   1.17071092 -1.41804149]
[ 0.38140371 -0.7879331   1.17071092 -1.41804149]
[ 0.38140371 -0.7879331   1.17071092 -1.41804149]
[ 0.38140371 -0.7879331   1.17071092 -1.41804149]
[ 0.70207759 -0.66334586  0.29336072 -1.98393689]
[ 0.70207759 -0.66334586  0.29336072 -1.98393689]
[ 0.70207759 -0.66334586  0.29336072 -1.98393689]
[ 0.1361822  -0.87470359 -0.53537069 -2.1138094 ]
[ 0.1361822  -0.87470359 -0.53537069 -2.1138094 ]
[-0.69254921 -1.0045761  -0.14600936  0.51027526]
[-0.69254921 -1.0045761  -0.14600936  0.51027526]
[-0.30318788  1.61950856  0.26044243  1.80520027]
[-0.30318788  1.61950856  0.26044243  1.80520027]
[-0.30318788  1.61950856  0.26044243  1.80520027]
[ 0.99173713  0.56928793 -0.90745089 -0.04642612]
[ 0.99173713  0.56928793 -0.90745089 -0.04642612]
[ 0.99173713  0.56928793 -0.90745089 -0.04642612]
